2460211.800500 0.982592 0.001245 1.821216
2460211.800824 0.994438 0.001251 1.816453
2460211.801136 0.990446 0.001250 1.811888
2460211.801460 0.988504 0.001245 1.807183
2460211.801750 0.983781 0.001240 1.803006
2460211.802074 0.993501 0.001252 1.798356
2460211.802375 0.989183 0.001246 1.794064
2460211.802676 0.982817 0.001243 1.789797
2460211.802965 0.993047 0.001249 1.785716
2460211.803266 0.996804 0.001255 1.781497
2460211.803579 0.985911 0.001246 1.777140
2460211.803880 1.007215 0.001284 1.772969
2460211.804204 1.004187 0.001269 1.768504
2460211.804528 0.989164 0.001255 1.764066
2460211.804806 0.997541 0.001278 1.760284
2460211.805106 1.000581 0.001271 1.756209
2460211.805431 1.005586 0.001284 1.751846
2460211.805732 0.980631 0.001239 1.747818
2460211.806044 0.994767 0.001252 1.743659
2460211.806345 0.990725 0.001247 1.739677
2460211.806658 0.995353 0.001251 1.735566
2460211.806958 0.990711 0.001248 1.731629
2460211.807283 0.992959 0.001255 1.727414
2460211.807595 0.991374 0.001250 1.723374
2460211.807896 0.996801 0.001246 1.719505
2460211.808220 0.989430 0.001246 1.715363
2460211.808533 0.991393 0.001248 1.711392
2460211.808834 0.989756 0.001245 1.707590
2460211.809158 0.991313 0.001245 1.703518
2460211.809459 0.992287 0.001249 1.699759
2460211.809771 0.992535 0.001249 1.695877
2460211.810072 0.990019 0.001240 1.692160
2460211.810385 0.996275 0.001247 1.688322
2460211.810686 0.986078 0.001239 1.684646
2460211.811010 0.993384 0.001245 1.680710
2460211.811311 0.990429 0.001240 1.677076
2460211.811623 0.994072 0.001246 1.673323
2460211.811924 0.993662 0.001243 1.669728
2460211.812237 0.989466 0.001238 1.666017
2460211.812538 0.991090 0.001240 1.662462
2460211.812885 0.992353 0.001252 1.658384
2460211.813186 0.993105 0.001242 1.654871
2460211.813510 0.985520 0.001235 1.651109
2460211.813823 0.985626 0.001235 1.647501
2460211.814123 0.989384 0.001237 1.644046
2460211.814424 0.994090 0.001242 1.640610
2460211.814737 0.992454 0.001242 1.637060
2460211.815061 0.990263 0.001235 1.633401
2460211.815374 0.990740 0.001238 1.629891
2460211.815686 0.990716 0.001236 1.626402
2460211.815987 0.989680 0.001235 1.623059
2460211.816288 0.995793 0.001241 1.619734
2460211.816589 0.995324 0.001246 1.616427
2460211.816901 0.995142 0.001241 1.613012
2460211.817191 0.986908 0.001237 1.609866
2460211.817492 0.995096 0.001243 1.606611
2460211.817804 0.991667 0.001240 1.603248
2460211.818105 0.989996 0.001236 1.600028
2460211.818429 0.996605 0.001240 1.596579
2460211.818730 0.996872 0.001238 1.593394
2460211.819043 0.995246 0.001237 1.590104
2460211.819344 0.996938 0.001238 1.586953
2460211.819656 0.992669 0.001235 1.583697
2460211.819980 0.998758 0.001239 1.580340
2460211.820270 0.993283 0.001235 1.577359
2460211.820571 0.993117 0.001240 1.574274
2460211.820895 0.982930 0.001224 1.570969
2460211.821196 0.988732 0.001228 1.567917
2460211.821508 0.995770 0.001238 1.564765
2460211.821809 0.995465 0.001237 1.561745
2460211.822122 0.987501 0.001229 1.558625
2460211.822434 0.989610 0.001232 1.555522
2460211.822747 0.994672 0.001231 1.552436
2460211.823036 0.993106 0.001233 1.549593
2460211.823337 0.988603 0.001225 1.546651
2460211.823650 0.978067 0.001217 1.543612
2460211.823962 0.991903 0.001228 1.540589
2460211.824263 0.998023 0.001233 1.537693
2460211.824564 0.993746 0.001231 1.534812
2460211.824865 0.994959 0.001231 1.531946
2460211.825166 0.992897 0.001234 1.529094
2460211.825479 0.993076 0.001231 1.526148
2460211.825780 0.989823 0.001226 1.523326
2460211.826092 0.991686 0.001229 1.520410
2460211.826393 0.986585 0.001224 1.517617
2460211.826706 0.992792 0.001230 1.514731
2460211.827030 0.989305 0.001227 1.511754
2460211.827319 0.995872 0.001231 1.509110
2460211.827620 0.995410 0.001230 1.506374
2460211.827933 1.005415 0.001239 1.503547
2460211.828245 0.995322 0.001230 1.500735
2460211.828558 0.987692 0.001226 1.497937
2460211.828847 0.988226 0.001225 1.495360
2460211.829171 0.994029 0.001225 1.492488
2460211.829472 0.998328 0.001230 1.489835
2460211.829785 0.998363 0.001229 1.487094
2460211.830086 0.997453 0.001226 1.484469
2460211.830398 0.996335 0.001227 1.481755
2460211.830699 0.993731 0.001229 1.479156
2460211.831012 0.987945 0.001227 1.476470
2460211.831312 0.993627 0.001233 1.473897
2460211.831637 0.993741 0.001228 1.471141
2460211.831938 0.996009 0.001231 1.468594
2460211.832250 0.993450 0.001230 1.465963
2460211.832551 0.990826 0.001226 1.463442
2460211.832864 0.988196 0.001223 1.460837
2460211.833164 0.993634 0.001225 1.458341
2460211.833489 0.994941 0.001226 1.455667
2460211.833778 0.996840 0.001238 1.453292
2460211.834102 0.990022 0.001225 1.450645
2460211.834415 0.996077 0.001229 1.448105
2460211.834716 0.992228 0.001222 1.445672
2460211.835040 0.991943 0.001223 1.443066
2460211.835387 0.997188 0.001232 1.440288
2460211.835699 0.993785 0.001228 1.437801
2460211.835989 0.991119 0.001226 1.435510
2460211.836313 0.999505 0.001224 1.432957
2460211.836637 0.993439 0.001221 1.430417
2460211.836926 0.992490 0.001219 1.428160
2460211.837227 0.995050 0.001222 1.425825
2460211.837551 0.991830 0.001218 1.423322
2460211.837864 0.991601 0.001218 1.420921
2460211.838165 0.997208 0.001220 1.418621
2460211.838466 0.996095 0.001225 1.416332
2460211.838778 0.995643 0.001219 1.413966
2460211.839102 0.995017 0.001220 1.411526
2460211.839415 0.992753 0.001219 1.409185
2460211.839716 0.993504 0.001227 1.406941
2460211.840029 0.990924 0.001215 1.404623
2460211.840329 0.994612 0.001215 1.402401
2460211.840642 0.997106 0.001219 1.400106
2460211.840955 0.996579 0.001221 1.397822
2460211.841267 0.996058 0.001219 1.395549
2460211.841568 0.991712 0.001215 1.393372
2460211.841881 0.995978 0.001218 1.391121
2460211.842205 0.990914 0.001215 1.388799
2460211.842540 0.994856 0.001215 1.386407
2460211.842864 0.995567 0.001221 1.384110
2460211.843188 0.998250 0.001222 1.381824
2460211.843501 0.995590 0.001218 1.379631
2460211.843802 0.997470 0.001218 1.377530
2460211.844091 0.998736 0.001220 1.375519
2460211.844392 0.994916 0.001217 1.373438
2460211.844705 0.995246 0.001218 1.371286
2460211.845006 0.987714 0.001207 1.369225
2460211.845330 0.998186 0.001222 1.367016
2460211.845619 0.995752 0.001217 1.365053
2460211.845943 0.999488 0.001218 1.362866
2460211.846244 1.000519 0.001219 1.360845
2460211.846557 1.006349 0.001227 1.358756
2460211.846858 1.012175 0.001236 1.356754
2460211.847170 1.017665 0.001233 1.354686
2460211.847471 1.024303 0.001236 1.352703
2460211.847795 1.026966 0.001239 1.350579
2460211.848108 1.027010 0.001243 1.348541
2460211.848409 1.023034 0.001236 1.346588
2460211.848710 1.026210 0.001236 1.344644
2460211.849022 1.027322 0.001240 1.342635
2460211.849323 1.023405 0.001236 1.340710
2460211.849636 1.023974 0.001235 1.338720
2460211.849925 1.033186 0.001243 1.336887
2460211.850249 1.032197 0.001245 1.334843
2460211.850550 1.033342 0.001243 1.332955
2460211.850874 1.035951 0.001244 1.330931
2460211.851187 1.028755 0.001237 1.328990
2460211.851476 1.026552 0.001239 1.327201
2460211.851789 1.030912 0.001243 1.325277
2460211.852101 1.027065 0.001238 1.323364
2460211.852402 1.028186 0.001239 1.321530
2460211.852726 1.027228 0.001239 1.319564
2460211.853016 1.031805 0.001243 1.317818
2460211.853328 1.021853 0.001236 1.315940
2460211.853641 1.029685 0.001241 1.314072
2460211.853965 1.022208 0.001236 1.312145
2460211.854289 1.024127 0.001232 1.310227
2460211.854602 1.028615 0.001239 1.308386
2460211.854926 1.022973 0.001233 1.306488
2460211.855250 1.020445 0.001231 1.304598
2460211.855562 1.022973 0.001233 1.302786
2460211.855886 1.023249 0.001232 1.300915
2460211.856199 1.020159 0.001230 1.299120
2460211.856500 1.020321 0.001233 1.297400
2460211.856801 1.011056 0.001226 1.295688
2460211.857113 1.013807 0.001227 1.293919
2460211.857414 1.013252 0.001227 1.292224
2460211.857704 1.020856 0.001232 1.290601
2460211.858005 1.018035 0.001230 1.288921
2460211.858317 1.013428 0.001224 1.287184
2460211.858618 1.013682 0.001224 1.285520
2460211.858942 1.019194 0.001229 1.283737
2460211.859255 1.020096 0.001229 1.282026
2460211.859556 1.018065 0.001226 1.280386
2460211.859845 1.014677 0.001227 1.278817
2460211.860169 1.017586 0.001226 1.277067
2460211.860493 1.024389 0.001232 1.275327
2460211.860783 1.018988 0.001227 1.273780
2460211.861107 1.011345 0.001219 1.272056
2460211.861431 1.017939 0.001224 1.270341
2460211.861732 1.018624 0.001225 1.268756
2460211.862044 1.016884 0.001224 1.267118
2460211.862345 1.017765 0.001224 1.265548
2460211.862658 1.017640 0.001225 1.263925
2460211.862959 1.020919 0.001230 1.262370
2460211.863283 1.019398 0.001227 1.260704
2460211.863572 1.018186 0.001226 1.259223
2460211.863896 1.018155 0.001226 1.257572
2460211.864197 1.020087 0.001228 1.256047
2460211.864510 1.016100 0.001225 1.254471
2460211.864811 1.017769 0.001226 1.252960
2460211.865123 1.013679 0.001224 1.251399
2460211.865424 1.016597 0.001224 1.249903
2460211.865748 1.017705 0.001230 1.248299
2460211.866061 1.015883 0.001224 1.246761
2460211.866350 1.015379 0.001226 1.245343
2460211.866651 1.013061 0.001227 1.243875
2460211.866975 1.010734 0.001223 1.242302
2460211.867276 1.013617 0.001224 1.240848
2460211.867589 1.013323 0.001222 1.239346
2460211.867890 1.016093 0.001224 1.237906
2460211.868202 1.010308 0.001219 1.236418
2460211.868503 1.016387 0.001226 1.234992
2460211.868816 1.012031 0.001222 1.233518
2460211.869117 1.008912 0.001221 1.232106
2460211.869441 1.013078 0.001221 1.230593
2460211.869753 1.009972 0.001221 1.229140
2460211.870054 1.010556 0.001218 1.227749
2460211.870355 1.009005 0.001221 1.226363
2460211.870668 1.007652 0.001219 1.224932
2460211.870969 1.004194 0.001215 1.223560
2460211.871281 1.013768 0.001220 1.222142
2460211.871617 1.014055 0.001221 1.220627
2460211.871929 1.015043 0.001221 1.219223
2460211.872230 1.016493 0.001223 1.217878
2460211.872543 1.008215 0.001215 1.216488
2460211.872844 1.001267 0.001210 1.215156
2460211.873168 1.011635 0.001218 1.213728
2460211.873480 1.006945 0.001215 1.212359
2460211.873781 1.004028 0.001212 1.211046
2460211.874071 1.010458 0.001218 1.209790
2460211.874383 1.003505 0.001212 1.208439
2460211.874696 1.008563 0.001214 1.207096
2460211.875008 1.005814 0.001212 1.205759
2460211.875309 1.003546 0.001210 1.204477
2460211.875622 1.002486 0.001211 1.203153
2460211.875923 1.006622 0.001212 1.201884
2460211.876247 1.005479 0.001214 1.200524
2460211.876559 1.007535 0.001215 1.199219
2460211.876860 1.003683 0.001210 1.197969
2460211.877173 1.006404 0.001213 1.196677
2460211.877474 1.006391 0.001214 1.195439
2460211.877798 1.010089 0.001216 1.194112
2460211.878111 1.007071 0.001213 1.192839
2460211.878423 1.005164 0.001212 1.191572
2460211.878759 1.005316 0.001212 1.190218
2460211.879071 1.005130 0.001212 1.188965
2460211.879395 1.002602 0.001211 1.187671
2460211.879708 1.004778 0.001212 1.186430
2460211.880032 1.003133 0.001211 1.185149
2460211.880356 1.002232 0.001209 1.183875
2460211.880669 1.002969 0.001211 1.182653
2460211.880993 1.004576 0.001211 1.181392
2460211.881282 1.003871 0.001211 1.180272
2460211.881595 1.007771 0.001214 1.179068
2460211.881896 1.006666 0.001213 1.177914
2460211.882208 1.006230 0.001215 1.176721
2460211.882509 1.000123 0.001211 1.175579
2460211.882810 1.002810 0.001212 1.174442
2460211.883134 1.003046 0.001214 1.173223
2460211.883435 0.999942 0.001209 1.172097
2460211.883748 1.002156 0.001211 1.170934
2460211.884049 1.003233 0.001213 1.169820
2460211.884361 0.999195 0.001211 1.168668
2460211.884662 0.997906 0.001210 1.167564
2460211.884975 1.003335 0.001213 1.166424
2460211.885275 1.006377 0.001215 1.165331
2460211.885600 1.002903 0.001213 1.164160
2460211.885889 1.001314 0.001210 1.163120
2460211.886213 1.001646 0.001212 1.161961
2460211.886537 1.006112 0.001217 1.160808
2460211.886827 1.003837 0.001213 1.159784
2460211.887128 1.006312 0.001218 1.158723
2460211.887440 1.000262 0.001212 1.157628
2460211.887764 0.997107 0.001208 1.156498
2460211.888065 1.004490 0.001216 1.155454
2460211.888378 1.002244 0.001213 1.154375
2460211.888679 1.001783 0.001214 1.153341
2460211.889003 0.998051 0.001210 1.152234
2460211.889315 0.998949 0.001210 1.151171
2460211.889628 0.997565 0.001209 1.150115
2460211.889929 0.995822 0.001206 1.149102
2460211.890241 1.005343 0.001215 1.148056
2460211.890542 1.001767 0.001214 1.147053
2460211.890866 0.999718 0.001208 1.145980
2460211.891179 1.001634 0.001210 1.144950
2460211.891503 0.995691 0.001207 1.143887
2460211.891839 1.000098 0.001209 1.142793
2460211.892151 1.003986 0.001212 1.141779
2460211.892452 0.998424 0.001209 1.140808
2460211.892765 0.995577 0.001206 1.139805
2460211.893089 1.002083 0.001214 1.138770
2460211.893390 1.004863 0.001213 1.137815
2460211.893679 1.001844 0.001209 1.136900
2460211.894003 0.999968 0.001208 1.135881
2460211.894327 1.001062 0.001208 1.134868
2460211.894617 1.004215 0.001210 1.133968
2460211.894918 1.003144 0.001210 1.133036
2460211.895230 0.997244 0.001205 1.132074
2460211.895543 0.997893 0.001205 1.131117
2460211.895844 1.004823 0.001212 1.130200
2460211.896168 0.997545 0.001204 1.129218
2460211.896457 1.001454 0.001206 1.128345
2460211.896770 1.002509 0.001208 1.127408
2460211.897070 1.002523 0.001208 1.126510
2460211.897383 1.003014 0.001210 1.125583
2460211.897696 0.994634 0.001203 1.124660
2460211.897985 1.001828 0.001211 1.123810
2460211.898309 1.001912 0.001211 1.122864
2460211.898610 1.001571 0.001209 1.121989
2460211.898923 1.001063 0.001210 1.121086
2460211.899223 0.999588 0.001209 1.120221
2460211.899536 1.000004 0.001207 1.119327
2460211.899837 1.002189 0.001209 1.118472
2460211.900149 0.999254 0.001205 1.117587
2460211.900450 0.997424 0.001204 1.116741
2460211.900775 0.999358 0.001208 1.115834
2460211.901087 0.997146 0.001205 1.114964
2460211.901388 0.995914 0.001203 1.114131
2460211.901712 0.994273 0.001202 1.113239
2460211.902001 0.998951 0.001206 1.112447
2460211.902291 1.000685 0.001210 1.111659
2460211.902615 1.000538 0.001208 1.110781
2460211.902939 0.997944 0.001205 1.109909
2460211.903252 0.999860 0.001209 1.109072
2460211.903576 1.000659 0.001208 1.108209
2460211.903900 0.995742 0.001205 1.107351
2460211.904224 0.995581 0.001203 1.106498
2460211.904513 1.000303 0.001206 1.105741
2460211.904837 0.999727 0.001207 1.104897
2460211.905138 0.994263 0.001202 1.104119
2460211.905451 1.002759 0.001210 1.103314
2460211.905752 0.994348 0.001199 1.102544
2460211.906064 0.999637 0.001207 1.101749
2460211.906365 0.995476 0.001203 1.100987
2460211.906689 0.998681 0.001205 1.100172
2460211.907002 0.997902 0.001205 1.099390
2460211.907314 0.993149 0.001200 1.098613
2460211.907604 1.000288 0.001206 1.097898
2460211.907928 0.997628 0.001205 1.097101
2460211.908252 0.999522 0.001204 1.096308
2460211.908565 0.996273 0.001202 1.095549
2460211.908866 0.993916 0.001201 1.094822
2460211.909178 0.998374 0.001202 1.094072
2460211.909502 0.998383 0.001202 1.093298
2460211.909792 0.995463 0.001201 1.092611
2460211.910092 0.995553 0.001202 1.091901
2460211.910405 0.998303 0.001203 1.091167
2460211.910706 0.996465 0.001201 1.090465
2460211.911018 0.996417 0.001201 1.089740
2460211.911331 0.997283 0.001202 1.089020
2460211.911644 1.000565 0.001205 1.088303
2460211.911933 0.999457 0.001204 1.087644
2460211.912257 1.000070 0.001203 1.086910
2460211.912558 0.996439 0.001201 1.086233
2460211.912870 0.995083 0.001199 1.085533
2460211.913171 1.000764 0.001203 1.084864
2460211.913484 0.996821 0.001200 1.084173
2460211.913785 0.997209 0.001199 1.083511
2460211.914097 0.998199 0.001200 1.082829
2460211.914398 0.997223 0.001200 1.082175
2460211.914722 0.994900 0.001198 1.081476
2460211.915023 0.996001 0.001200 1.080831
2460211.915336 0.997869 0.001200 1.080165
2460211.915649 0.992962 0.001197 1.079503
2460211.915949 0.996503 0.001201 1.078869
2460211.916250 0.994453 0.001202 1.078240
2460211.916563 0.998507 0.001202 1.077590
2460211.916887 0.996150 0.001201 1.076920
2460211.917188 0.997994 0.001199 1.076303
2460211.917501 0.994258 0.001202 1.075665
2460211.917790 0.995099 0.001201 1.075079
2460211.918091 0.992440 0.001200 1.074472
2460211.918415 0.995636 0.001199 1.073824
2460211.918704 0.998110 0.001204 1.073248
2460211.919028 0.998285 0.001202 1.072608
2460211.919353 0.996466 0.001203 1.071972
2460211.919665 0.997630 0.001203 1.071362
2460211.919966 0.999331 0.001204 1.070779
2460211.920255 0.994957 0.001203 1.070222
2460211.920556 0.999118 0.001204 1.069647
2460211.920869 0.995871 0.001203 1.069053
2460211.921170 0.996629 0.001202 1.068485
2460211.921494 0.995556 0.001201 1.067877
2460211.921795 0.996572 0.001200 1.067317
2460211.922107 0.997513 0.001202 1.066738
2460211.922431 0.994648 0.001201 1.066143
2460211.922744 0.997515 0.001202 1.065573
2460211.923068 0.995667 0.001199 1.064986
2460211.923358 0.997861 0.001201 1.064465
2460211.923682 0.996559 0.001200 1.063886
2460211.924006 0.996010 0.001200 1.063311
2460211.924318 0.995409 0.001200 1.062761
2460211.924642 1.000079 0.001203 1.062194
2460211.924932 0.994425 0.001197 1.061691
2460211.925233 0.994274 0.001197 1.061172
2460211.925545 0.995339 0.001201 1.060637
2460211.925858 0.997162 0.001202 1.060106
2460211.926170 0.999215 0.001201 1.059578
2460211.926494 0.995108 0.001196 1.059035
2460211.926842 0.999472 0.001203 1.058458
2460211.927154 0.995925 0.001198 1.057942
2460211.927444 0.995281 0.001197 1.057468
2460211.927768 0.997639 0.001200 1.056941
2460211.928069 0.999250 0.001200 1.056455
2460211.928381 0.992621 0.001194 1.055955
2460211.928705 0.992718 0.001195 1.055439
2460211.929018 0.994704 0.001196 1.054946
2460211.929330 0.995554 0.001198 1.054457
2460211.929631 0.999096 0.001202 1.053989
2460211.929932 0.994793 0.001197 1.053525
2460211.930233 0.993813 0.001198 1.053065
2460211.930522 0.998682 0.001201 1.052625
2460211.930847 0.994360 0.001197 1.052136
2460211.931182 0.997617 0.001198 1.051634
2460211.931495 0.997946 0.001198 1.051171
2460211.931796 0.996515 0.001199 1.050728
2460211.932108 0.995787 0.001196 1.050271
2460211.932409 0.996744 0.001199 1.049835
2460211.932722 0.995217 0.001197 1.049386
2460211.933046 0.997943 0.001199 1.048925
2460211.933347 0.996592 0.001199 1.048499
2460211.933671 0.992680 0.001196 1.048045
2460211.933983 0.996406 0.001198 1.047611
2460211.934308 0.996372 0.001199 1.047164
2460211.934632 0.997321 0.001199 1.046721
2460211.934944 0.995249 0.001198 1.046298
2460211.935268 0.994175 0.001198 1.045863
2460211.935581 0.989996 0.001194 1.045447
2460211.935905 0.995490 0.001198 1.045020
2460211.936229 0.998989 0.001200 1.044596
2460211.936542 0.998427 0.001201 1.044191
2460211.936842 0.997266 0.001200 1.043805
2460211.937155 0.992206 0.001197 1.043407
2460211.937456 0.995350 0.001200 1.043028
2460211.937768 0.993999 0.001196 1.042637
2460211.938081 0.995040 0.001197 1.042250
2460211.938382 0.999071 0.001201 1.041880
2460211.938683 0.998500 0.001202 1.041514
2460211.939007 0.996814 0.001200 1.041123
2460211.939296 0.996730 0.001202 1.040777
2460211.939620 0.996101 0.001200 1.040394
2460211.939921 0.995603 0.001200 1.040041
2460211.940234 0.997302 0.001201 1.039678
2460211.940558 0.996275 0.001202 1.039305
2460211.940859 1.000135 0.001205 1.038963
2460211.941160 0.998225 0.001204 1.038623
2460211.941449 0.997400 0.001203 1.038300
2460211.941750 0.995292 0.001202 1.037967
2460211.942074 0.996861 0.001204 1.037612
2460211.942422 0.997035 0.001204 1.037236
2460211.942734 0.998365 0.001206 1.036901
2460211.943035 0.998573 0.001205 1.036581
2460211.943348 0.997954 0.001205 1.036253
2460211.943649 0.995129 0.001204 1.035940
2460211.943961 0.997812 0.001208 1.035619
2460211.944274 0.999038 0.001207 1.035301
2460211.944575 0.999795 0.001209 1.034998
2460211.944876 0.995521 0.001203 1.034698
2460211.945200 0.996158 0.001207 1.034379
2460211.945489 0.997004 0.001204 1.034097
2460211.945813 0.997440 0.001206 1.033785
2460211.946137 0.998157 0.001206 1.033476
2460211.946427 0.998727 0.001209 1.033204
2460211.946751 0.996382 0.001206 1.032902
2460211.947063 0.997386 0.001207 1.032615
2460211.947387 0.995230 0.001204 1.032320
2460211.947677 0.999993 0.001208 1.032060
2460211.948001 0.996589 0.001204 1.031773
2460211.948290 0.994674 0.001203 1.031519
2460211.948591 0.995694 0.001205 1.031258
2460211.948881 0.997179 0.001207 1.031011
2460211.949182 0.997578 0.001204 1.030756
2460211.949506 0.996323 0.001204 1.030485
2460211.949807 0.996952 0.001209 1.030237
2460211.950108 0.998548 0.001210 1.029992
2460211.950397 0.994732 0.001202 1.029759
2460211.950721 0.997577 0.001207 1.029502
2460211.951068 0.998984 0.001204 1.029231
2460211.951381 0.997621 0.001206 1.028990
2460211.951682 0.999876 0.001205 1.028761
2460211.951994 0.995498 0.001201 1.028527
2460211.952295 0.995505 0.001201 1.028304
2460211.952608 1.006107 0.001211 1.028077
2460211.952920 1.000295 0.001203 1.027852
2460211.953221 0.996961 0.001201 1.027639
2460211.953534 0.999439 0.001202 1.027421
2460211.953846 0.998593 0.001203 1.027207
2460211.954147 0.996107 0.001199 1.027003
2460211.954460 0.997941 0.001200 1.026795
2460211.954761 0.998514 0.001201 1.026598
2460211.955073 0.996491 0.001201 1.026396
2460211.955374 0.995751 0.001200 1.026205
2460211.955687 0.996239 0.001203 1.026010
2460211.955999 0.998668 0.001202 1.025819
2460211.956300 0.997537 0.001202 1.025637
2460211.956613 0.997289 0.001201 1.025452
2460211.956925 0.999370 0.001201 1.025270
2460211.957226 0.998667 0.001201 1.025097
2460211.957527 0.997394 0.001201 1.024928
2460211.957828 0.996441 0.001201 1.024762
2460211.958129 0.995772 0.001205 1.024599
2460211.958430 0.997181 0.001202 1.024439
2460211.958743 0.997236 0.001201 1.024276
2460211.959043 0.997922 0.001201 1.024122
2460211.959356 0.998679 0.001202 1.023966
2460211.959657 0.995241 0.001200 1.023818
2460211.959981 0.996680 0.001203 1.023663
2460211.960282 0.996437 0.001198 1.023521
2460211.960583 0.998219 0.001202 1.023383
2460211.960895 1.000598 0.001203 1.023242
2460211.961220 0.998644 0.001201 1.023100
2460211.961544 1.000913 0.001204 1.022961
2460211.961856 0.998285 0.001202 1.022831
2460211.962180 0.996060 0.001199 1.022699
2460211.962493 0.997104 0.001200 1.022575
2460211.962805 0.995814 0.001201 1.022455
2460211.963106 0.995892 0.001204 1.022342
2460211.963407 0.996104 0.001199 1.022231
2460211.963731 0.997627 0.001201 1.022116
2460211.964021 0.999457 0.001203 1.022016
2460211.964345 0.997308 0.001202 1.021908
2460211.964646 0.998248 0.001201 1.021810
2460211.964958 0.997976 0.001200 1.021712
2460211.965259 0.998915 0.001203 1.021620
2460211.965572 0.996819 0.001209 1.021528
2460211.965884 0.993919 0.001199 1.021440
2460211.966197 0.997099 0.001201 1.021354
2460211.966521 0.997147 0.001200 1.021269
2460211.966868 0.995427 0.001202 1.021181
2460211.967181 0.996573 0.001200 1.021106
2460211.967482 0.996161 0.001201 1.021037
2460211.967806 0.999811 0.001203 1.020965
2460211.968118 0.995753 0.001201 1.020899
2460211.968408 0.998689 0.001203 1.020841
2460211.968720 1.000210 0.001204 1.020782
2460211.969033 0.997938 0.001203 1.020726
2460211.969334 0.997270 0.001200 1.020675
2460211.969646 0.999585 0.001202 1.020625
2460211.969970 0.995951 0.001202 1.020576
2460211.970283 0.997219 0.001202 1.020533
2460211.970607 0.996663 0.001204 1.020491
2460211.970908 0.999144 0.001203 1.020456
2460211.971220 0.999172 0.001203 1.020422
2460211.971521 0.996403 0.001200 1.020393
2460211.971834 0.998256 0.001202 1.020365
2460211.972158 0.999160 0.001205 1.020340
2460211.972471 0.998799 0.001202 1.020319
2460211.972772 1.000145 0.001206 1.020302
2460211.973096 0.996466 0.001199 1.020287
2460211.973408 0.998532 0.001202 1.020276
2460211.973709 1.000315 0.001205 1.020268
2460211.974010 0.998385 0.001202 1.020263
2460211.974323 1.000765 0.001205 1.020261
2460211.974624 1.000410 0.001203 1.020263
2460211.974936 0.998408 0.001204 1.020267
2460211.975237 1.000126 0.001203 1.020274
2460211.975550 0.996525 0.001200 1.020285
2460211.975850 1.002250 0.001208 1.020299
2460211.976175 1.000058 0.001205 1.020316
2460211.976476 0.998727 0.001201 1.020336
2460211.976776 0.999061 0.001202 1.020358
2460211.977089 1.001607 0.001204 1.020385
2460211.977402 0.998825 0.001202 1.020415
2460211.977726 0.998254 0.001204 1.020449
2460211.978015 0.999905 0.001203 1.020483
2460211.978316 0.999561 0.001205 1.020520
2460211.978629 1.001024 0.001203 1.020563
2460211.978964 0.999932 0.001207 1.020612
2460211.979288 1.000434 0.001204 1.020663
2460211.979601 1.000103 0.001204 1.020715
2460211.979902 0.996376 0.001199 1.020769
2460211.980226 0.997742 0.001201 1.020830
2460211.980573 0.997016 0.001201 1.020899
2460211.980886 0.997561 0.001203 1.020965
2460211.981198 0.997497 0.001201 1.021033
2460211.981499 0.996758 0.001205 1.021103
2460211.981800 0.998556 0.001202 1.021175
2460211.982147 0.998691 0.001203 1.021262
2460211.982471 0.999029 0.001201 1.021347
2460211.982761 1.000175 0.001203 1.021426
2460211.983062 0.999013 0.001207 1.021511
2460211.983374 1.005859 0.001207 1.021602
2460211.983687 0.998419 0.001202 1.021697
2460211.983999 1.001903 0.001206 1.021795
2460211.984312 1.001984 0.001204 1.021896
2460211.984613 0.998222 0.001199 1.021996
2460211.984914 0.998415 0.001202 1.022099
2460211.985226 1.000433 0.001204 1.022210
2460211.985527 0.998087 0.001201 1.022319
2460211.985840 0.996081 0.001202 1.022436
2460211.986164 1.000650 0.001205 1.022561
2460211.986511 0.996843 0.001200 1.022698
2460211.986882 0.997516 0.001197 1.022849
2460211.987194 1.000692 0.001204 1.022980
2460211.987495 0.998279 0.001204 1.023109
2460211.987808 0.999865 0.001207 1.023247
2460211.988109 0.997631 0.001201 1.023382
2460211.988433 1.001433 0.001202 1.023531
2460211.988734 1.001917 0.001204 1.023673
2460211.989046 1.000426 0.001202 1.023823
2460211.989382 0.998221 0.001201 1.023988
2460211.989694 0.993660 0.001196 1.024145
2460211.990007 0.999131 0.001200 1.024305
2460211.990308 0.997874 0.001199 1.024463
2460211.990632 0.998970 0.001201 1.024636
2460211.990933 0.999311 0.001202 1.024799
2460211.991245 1.000544 0.001206 1.024973
2460211.991593 0.999904 0.001202 1.025169
2460211.991917 1.000161 0.001200 1.025356
2460211.992229 0.998589 0.001199 1.025539
2460211.992530 0.998155 0.001203 1.025719
2460211.992854 0.999578 0.001202 1.025916
2460211.993202 0.997610 0.001201 1.026132
2460211.993537 1.000908 0.001202 1.026344
2460211.993884 0.997617 0.001202 1.026567
2460211.994185 0.999410 0.001200 1.026763
2460211.994556 1.001566 0.001203 1.027010
2460211.994868 0.996464 0.001198 1.027221
2460211.995192 1.000573 0.001203 1.027444
2460211.995482 1.000042 0.001202 1.027646
2460211.995783 0.999701 0.001204 1.027859
2460211.996095 0.997971 0.001199 1.028084
2460211.996396 1.002018 0.001203 1.028303
2460211.996720 0.998976 0.001201 1.028543
2460211.997021 0.999871 0.001203 1.028768
2460211.997334 1.000277 0.001202 1.029006
2460211.997635 0.998743 0.001201 1.029238
2460211.997947 0.998166 0.001203 1.029483
2460211.998248 1.000712 0.001204 1.029721
2460211.998561 1.004122 0.001208 1.029972
2460211.998862 0.998164 0.001200 1.030217
2460211.999186 1.001184 0.001203 1.030484
2460211.999498 1.000891 0.001203 1.030745
2460211.999846 1.002822 0.001204 1.031039
2460212.000158 0.998102 0.001199 1.031307
2460212.000482 0.999483 0.001201 1.031588
2460212.000806 1.000492 0.001203 1.031873
2460212.001130 0.999534 0.001200 1.032162
2460212.001443 1.000075 0.001200 1.032444
2460212.001756 0.997439 0.001199 1.032730
2460212.002056 0.999707 0.001201 1.033008
2460212.002369 0.996132 0.001199 1.033300
2460212.002670 1.000839 0.001202 1.033584
2460212.002994 0.999512 0.001203 1.033894
2460212.003295 0.999769 0.001202 1.034185
2460212.003608 0.997762 0.001203 1.034491
2460212.003908 1.001770 0.001204 1.034788
2460212.004221 1.000856 0.001202 1.035101
2460212.004522 1.001280 0.001204 1.035405
2460212.004846 0.998569 0.001201 1.035736
2460212.005159 1.001308 0.001202 1.036058
2460212.005460 0.998241 0.001200 1.036372
2460212.005760 0.998708 0.001199 1.036690
2460212.006073 0.999317 0.001200 1.037022
2460212.006374 1.000517 0.001200 1.037346
2460212.006687 0.997281 0.001200 1.037686
2460212.006987 0.997509 0.001201 1.038016
2460212.007300 0.996501 0.001198 1.038362
2460212.007601 0.997360 0.001198 1.038699
2460212.007925 0.999254 0.001200 1.039066
2460212.008238 0.995772 0.001199 1.039423
2460212.008527 0.998589 0.001204 1.039756
2460212.008839 0.996884 0.001199 1.040120
2460212.009152 1.000103 0.001205 1.040487
2460212.009476 0.998346 0.001201 1.040872
2460212.009765 0.999945 0.001202 1.041218
2460212.010090 0.996996 0.001199 1.041610
2460212.010425 0.995584 0.001197 1.042019
2460212.010749 0.998860 0.001202 1.042419
2460212.011073 0.998072 0.001202 1.042822
2460212.011363 0.999204 0.001203 1.043185
2460212.011687 0.994686 0.001198 1.043596
2460212.012034 0.999156 0.001204 1.044040
2460212.012347 1.000070 0.001206 1.044443
2460212.012648 1.000767 0.001206 1.044835
2460212.012960 0.996395 0.001201 1.045246
2460212.013273 0.998933 0.001205 1.045660
2460212.013574 0.999089 0.001203 1.046062
2460212.013875 0.998913 0.001205 1.046468
2460212.014199 0.997628 0.001201 1.046908
2460212.014488 0.997715 0.001201 1.047305
2460212.014812 0.999657 0.001203 1.047752
2460212.015113 1.002175 0.001207 1.048172
2460212.015426 0.999388 0.001203 1.048611
2460212.015727 0.996984 0.001202 1.049037
2460212.016051 0.998435 0.001205 1.049500
