2459134.685633 0.9987472606169816 0.0018635910033218 3.204339 7178.181641 30.207795 3547040.128025 356.937973 1310.534664
2459134.686033 1.0013568178886818 0.0018464243520831 3.18462 7268.963379 30.064986 3620322.068058 357.534646 1308.908274
2459134.686431 1.00139246402607 0.0018296432530162 3.165242 6988.42041 30.713244 3357404.856553 357.807344 1308.678897
2459134.686831 0.995918179001008 0.0018092033050202 3.146004 7049.677246 30.622228 3412820.695972 358.794439 1308.597206
2459134.68723 1.000672296965084 0.0017923593705262 3.127021 7206.184082 30.376195 3508008.001061 358.540562 1310.866566
2459134.687629 0.998846002814452 0.0017747561983885 3.108295 7035.546387 30.786679 3364279.819926 356.256608 1308.847944
2459134.688031 0.9953814575034008 0.001758326764539 3.089657 6909.245605 31.158927 3204866.641761 359.412391 1309.076863
2459134.68843 1.0052283808325595 0.0017456423234817 3.071381 6994.025879 31.018262 3311154.072255 358.584782 1310.913079
2459134.68883 0.9989839642101026 0.0017286178784705 3.053297 7093.10498 30.576499 3447451.307262 357.485122 1310.287504
2459134.689229 0.9987579004742364 0.001715511530738 3.03549 6566.654785 32.324953 2778180.572161 357.713318 1309.293944
2459134.689635 0.9995057721558772 0.0016986724459459 3.017547 6955.432617 31.056601 3265468.10803 357.806572 1311.057612
2459134.690037 1.004063030035167 0.001684576221062 3.0 6961.947754 31.256064 3200762.451772 359.071683 1309.365592
2459134.690437 1.004292974270274 0.0016684811837358 2.982767 7164.103516 30.497576 3491483.172368 357.327887 1309.992063
2459134.690846 0.9973973721422252 0.0016506582354727 2.965316 7341.52832 29.643477 3809358.716862 357.989071 1310.672217
2459134.691244 0.9926573243109758 0.0016354565729624 2.948574 7316.769043 29.946246 3681162.164228 359.854381 1308.744142
2459134.691646 1.0036521816420958 0.0016252216491369 2.93186 6975.200684 31.223694 3202418.629634 358.834226 1309.368644
2459134.692044 1.0015932925109083 0.001609057543702 2.91547 7114.570801 30.57587 3461041.172249 356.939961 1310.485505
2459134.692447 0.999053397275519 0.0015944441866804 2.899111 7024.902344 30.70095 3402523.684072 357.617612 1309.981597
2459134.692847 0.9986368035996496 0.0015817563113997 2.883032 6788.958496 31.724495 3021672.643681 357.674588 1309.588089
2459134.693249 0.9960384341717264 0.0015666706141549 2.867042 7384.882324 29.763808 3774863.231622 356.807145 1311.146781
2459134.693648 0.9996664947163 0.0015558234001678 2.851369 7302.775879 30.161134 3607333.549227 357.946583 1311.226162
2459134.694048 1.0009075847119628 0.0015433470024719 2.835858 7316.498047 29.968152 3712000.743774 357.887543 1311.274939
2459134.694448 0.9999219344745937 0.0015300955884725 2.820503 7150.338379 30.375204 3551979.906628 357.837594 1309.603225
2459134.694847 0.9986637698534878 0.0015167794684947 2.80533 7318.706543 29.951546 3724261.967478 357.510064 1309.336736
2459134.69525 0.9995660755428596 0.0015052038388332 2.790192 6956.207031 31.165582 3265908.710703 359.794716 1309.267388
2459134.69565 1.0022924791489287 0.001494562586101 2.775362 7125.166016 30.636609 3457099.293415 356.360422 1309.487192
2459134.696448 0.9990537201502072 0.0014727995600403 2.746219 6534.670898 32.330177 2820237.346859 359.387518 1308.366005
2459134.696849 1.0026437140691922 0.0014652936985129 2.731794 6179.060547 33.778379 2320564.898354 358.641476 1308.626951
2459134.69725 1.0010079597206052 0.0014501482159943 2.717555 6880.666016 31.55266 3113419.16723 356.248079 1310.038431
2459134.697651 0.9998155650593896 0.0014369585462568 2.703452 7352.970215 29.856 3766412.689593 356.240248 1310.61578
2459134.698054 1.0032756184245797 0.0014259926978331 2.689464 7365.388672 29.735438 3833829.701233 356.944729 1311.426114
2459134.698452 1.0035608462671537 0.0014147611025774 2.675769 7379.116699 30.028957 3742891.503125 356.817445 1311.064821
2459134.698852 1.0004870342132215 0.0014027640897885 2.662169 7351.605957 29.790814 3842978.721258 357.547932 1310.449988
2459134.699251 0.999413742150132 0.0013924463390297 2.648709 7393.804199 29.854266 3818419.686205 359.992438 1311.072137
2459134.699651 0.9984819755390124 0.0013844534418626 2.635398 7056.756348 30.777672 3397890.529635 356.623812 1309.95043
2459134.70005 0.9960679028115944 0.001372994461822 2.622243 7398.434082 29.772699 3823027.98073 356.186136 1310.706998
2459134.700454 0.9995479868422008 0.0013643366607644 2.609072 7374.726562 30.031194 3740958.918582 357.563367 1310.244181
2459134.700859 1.0019643149758073 0.0013563897580473 2.596012 7001.245117 31.151696 3308410.35403 359.174512 1309.990864
2459134.70126 0.9990847692895448 0.0013453943105606 2.583197 7129.019531 30.652371 3470892.101275 357.871939 1310.400591
2459134.701673 0.999545167155681 0.0013354849838168 2.570147 7042.824219 30.970255 3381489.806299 358.10143 1309.756483
2459134.702075 1.0040057774495217 0.0013267223620627 2.557569 7291.601562 30.370985 3650843.869463 359.259403 1309.92213
2459134.702476 1.0004415461864336 0.0013169756751348 2.545163 7307.720703 30.625473 3534488.543327 358.383524 1311.126688
2459134.702875 1.003090193592196 0.0013100783019032 2.532948 6846.05127 31.739835 3100630.350515 358.169573 1310.377029
2459134.703275 0.9981847970451307 0.0012981657104278 2.520828 7287.336426 30.676701 3527190.259204 356.642053 1311.745588
2459134.703675 1.0017222215621944 0.0012906258921162 2.508801 7362.138184 30.246506 3716619.600441 356.713102 1309.791186
2459134.704078 0.9980353875335438 0.0012821665618482 2.496832 7124.635742 30.985145 3410427.545761 358.629893 1310.545167
2459134.704477 0.9991682549076252 0.0012752688335619 2.485091 6995.163574 31.429788 3247535.057837 358.379393 1308.833815
2459134.704877 1.00388791446723 0.0012685742866607 2.473447 7066.435059 31.218091 3345472.423573 358.320762 1309.680873
2459134.70528 0.994527911894928 0.0012569174003123 2.46183 6961.292969 31.534179 3194084.536107 357.993845 1309.830551
2459134.70568 0.999792033797752 0.0012502358337107 2.450423 7017.586914 31.237905 3299827.986802 358.962175 1309.32918
2459134.70608 1.0007622516541084 0.0012398819106734 2.439107 7269.542969 30.583212 3601436.829244 358.009378 1311.544559
2459134.706482 0.9988622541737574 0.0012312232880175 2.427873 7180.678223 30.658856 3565183.23343 358.011152 1309.850744
2459134.706882 1.0012768877512317 0.0012248203251634 2.416789 7195.60498 30.644049 3560062.608706 356.941599 1310.356893
2459134.707283 1.0025553746111775 0.0012193039561482 2.405777 7001.322754 31.113868 3361929.653387 357.523607 1310.735522
2459134.707686 1.000683496814826 0.0012116624541752 2.394847 6960.233887 31.517588 3222067.788841 358.323464 1311.99487
2459134.708094 0.997444869024145 0.0012012801578865 2.383876 7261.12793 30.576534 3597388.022588 356.191538 1311.2357
2459134.708499 0.9973581546591826 0.0011950355149092 2.37307 7118.498535 30.854414 3491615.296034 358.635139 1309.211045
2459134.708902 1.0026506976814715 0.0011907070425698 2.362441 7202.407715 30.799779 3528011.829076 359.363449 1308.947603
2459134.709302 1.005826420221149 0.0011840474242394 2.351998 7243.897461 30.669918 3595088.768325 357.748099 1310.341334
2459134.709702 0.9998825377596524 0.0011736915633439 2.341652 7203.359863 30.621296 3588800.473263 357.557561 1310.078164
2459134.710102 1.0024148379361415 0.001166830970478 2.331394 7086.672363 31.387377 3319994.831765 358.787994 1309.950795
2459134.710502 1.0016525325124634 0.0011583227051945 2.321236 7560.554688 30.014681 3870926.602995 355.409869 1311.722715
2459134.710904 0.9998211632691228 0.0011520718106465 2.311119 7202.668457 30.816998 3522953.957359 358.038489 1311.273649
2459134.711314 0.999562050114476 0.0011459302708907 2.30092 6952.647461 31.636158 3204451.336375 359.349709 1310.274697
2459134.711718 0.994816093633554 0.001136160119649 2.290932 7027.631836 31.245244 3342919.759718 358.650532 1311.139775
2459134.712128 0.9991160975675568 0.0011306861252243 2.280911 6866.865234 32.107131 3047265.600027 358.98599 1310.398858
2459134.712536 1.003790110878913 0.0011248186439522 2.271038 7142.038086 30.962251 3481805.728902 356.784646 1311.344434
2459134.712945 1.0032793325554548 0.0011177003373932 2.261244 7271.039062 30.469378 3695118.574763 358.593662 1310.446982
2459134.713348 1.0030967651426226 0.0011117037136427 2.251663 7550.581543 29.979207 3907466.30071 358.223211 1310.229917
2459134.713764 1.0047149890679 0.0011054474443897 2.241863 7581.788086 29.657445 4065260.174833 358.220946 1310.51303
2459134.71417 0.9970746989827256 0.001096980625919 2.232391 7611.404785 29.350937 4156542.482533 357.859404 1309.552927
2459134.714574 1.0014101226559289 0.0010926820856939 2.223062 7677.426758 29.689203 4038243.826106 359.114062 1309.628774
2459134.714977 0.9996622270247042 0.0010865520791729 2.213854 7379.498535 30.233363 3794222.887121 358.634607 1310.694343
2459134.715384 1.0002171718612862 0.001080334322845 2.204611 7551.614258 29.681356 4031223.436091 355.77612 1311.117752
2459134.715787 0.9992189282247244 0.0010750556444647 2.195547 7353.153809 30.144674 3816543.337484 358.018387 1310.69582
2459134.716186 1.0012852949278734 0.0010698616833371 2.186661 7482.681641 30.111172 3854151.040014 359.540482 1309.926168
2459134.716586 0.9981908339013528 0.0010636623523757 2.177841 7604.896973 29.788136 3974113.738786 358.158857 1310.423911
2459134.716985 0.9997363715736184 0.0010587987528162 2.169116 7518.041016 29.632304 4071696.005346 358.396932 1310.745255
2459134.717387 1.000251024393335 0.0010522043212543 2.160394 7441.131348 29.926689 3957381.984328 358.69293 1309.940172
2459134.71779 1.0028557115312922 0.0010477681577931 2.151735 7465.710449 29.914125 3955173.944973 360.015377 1310.293278
2459134.718194 0.999987664128746 0.0010413249466553 2.143113 7447.402832 29.995456 3914917.444299 357.759794 1310.16393
2459134.718602 0.9995921554992468 0.0010356550742851 2.134519 7274.368164 30.612073 3656729.286286 357.595538 1309.848259
2459134.719003 1.0019765709216408 0.0010311353456741 2.126111 7149.735352 30.987968 3514923.147838 357.474957 1309.586389
2459134.719404 0.9987898706425647 0.0010245268073416 2.1178 7323.924316 30.373848 3757883.230582 357.290899 1309.958088
2459134.719805 1.0009733898321778 0.0010211235336196 2.109551 7306.645996 30.629995 3637663.425804 358.4647 1311.552807
2459134.720208 0.9968510248625794 0.001014524733502 2.101341 7313.745117 30.507839 3676384.45413 356.517178 1310.872878
2459134.720615 0.9990301400071429 0.0010103603726629 2.093123 7426.691895 30.174432 3834605.620041 357.871656 1309.923395
2459134.721015 1.0001199158307077 0.0010052610588778 2.08511 7564.886719 29.82934 4004977.839917 358.203284 1310.217423
2459134.721414 0.9993092598152772 0.0010013978136078 2.077189 7354.705078 30.406348 3734623.009958 358.719726 1309.435045
2459134.721814 0.9988808436946496 0.0009957924605777 2.069314 7443.214355 30.189689 3836793.558523 357.538064 1310.177393
2459134.722215 1.00202537731126 0.0009925372991097 2.061486 7491.099609 29.882257 3983826.487544 357.93154 1309.795344
2459134.722617 1.0002260875762816 0.0009878314805786 2.0537 7449.143066 30.217777 3830513.504796 358.774197 1310.35056
2459134.723018 1.0020489364438867 0.0009835420728428 2.046005 7500.614258 30.034861 3934134.045767 358.558796 1309.640584
2459134.723419 1.0000389638999212 0.0009787958624802 2.038365 7552.947754 29.823623 4001632.746551 358.581022 1309.335599
2459134.72382 0.9963126469706554 0.000972924883327 2.030806 7506.512207 29.79024 4032119.325686 358.984336 1309.876859
2459134.724219 0.9989590295369716 0.0009705266940326 2.023344 7506.958496 30.175426 3859872.283946 358.994914 1310.35588
2459134.724627 0.9975464364823328 0.0009647406789013 2.015774 7607.128418 29.624775 4099640.749632 358.851426 1309.910367
2459134.72504 1.000111557106708 0.0009612108445242 2.008169 7617.719727 29.62262 4096690.515227 357.995476 1309.783637
2459134.725854 0.9993382469302114 0.0009528387737135 1.993381 7599.084473 29.743036 4063370.407211 357.484263 1310.611888
2459134.72627 0.9996068186409628 0.0009489513840224 1.985922 7635.20752 29.586754 4123309.561651 358.819232 1310.413577
2459134.72667 1.0023783629584184 0.0009451065252026 1.978817 7694.505859 29.617678 4142624.554532 359.611889 1310.786728
2459134.72707 1.0051651745748746 0.0009420939158365 1.971763 7466.584473 29.923334 4014008.82883 359.293669 1309.670721
2459134.727471 0.9993721114682248 0.0009360643708776 1.964741 7499.893555 29.982685 3957663.777341 358.337062 1310.065166
2459134.727871 0.996747943366511 0.0009315394655323 1.957802 7411.353516 30.202982 3843695.225196 357.824759 1309.451955
2459134.728271 1.0009875264265933 0.0009305456364517 1.950918 7356.569824 30.38689 3767353.355738 358.005505 1310.526181
2459134.728679 1.0021081875938371 0.0009263272507842 1.943959 7494.538086 29.864398 4033640.389478 358.782786 1310.24238
2459134.729077 1.0021664058020563 0.0009231993582133 1.937226 7458.469727 30.26463 3869813.197185 359.65599 1310.029586
2459134.729476 1.0018527216796922 0.0009182660421846 1.930529 7803.948242 29.155817 4372456.232462 358.478053 1311.213051
2459134.729876 0.9996896735171223 0.0009143363724179 1.923861 7660.755371 29.372354 4247665.401123 359.539485 1309.976866
2459134.730278 0.9997544289730124 0.0009095776207853 1.917216 7787.796875 29.305214 4303689.311161 359.075045 1310.664231
2459134.730684 0.9999098208851964 0.0009060322995446 1.910564 7687.273926 29.390866 4257888.981529 357.899426 1311.17736
2459134.731486 0.9994127169265206 0.0008997881099576 1.897567 7589.830078 29.784018 4076839.197429 357.848905 1310.679169
2459134.731887 1.0008559680690818 0.0008969391211098 1.891152 7620.646484 29.77138 4100442.720227 358.112629 1310.206601
2459134.732287 0.9985044091124672 0.0008929014095142 1.884796 7639.479004 29.498718 4222637.939608 359.452321 1309.387486
2459134.732688 0.9995723881074804 0.0008917885651325 1.878479 7582.329102 30.005796 3987545.224584 358.126398 1310.173154
2459134.733093 0.997833745215826 0.0008877077751825 1.872159 7593.850586 29.731194 4094762.905857 358.897001 1311.137654
2459134.733495 1.002392418083789 0.0008856947399165 1.865919 7836.381836 29.48076 4258714.369877 359.124182 1310.120606
2459134.733903 1.000733934729264 0.0008815798665281 1.859637 7664.591797 29.584466 4202774.550401 358.583985 1310.421666
2459134.734313 0.9988119303159824 0.0008775369543721 1.85338 7648.944336 29.55165 4205207.441581 358.948827 1310.205738
2459134.734715 0.9989470698811908 0.000876430289537 1.847293 7178.185059 30.98633 3581652.467727 360.075078 1308.811115
2459134.73512 0.9980821469062154 0.0008718827383575 1.841209 7702.169922 29.762984 4118737.29106 359.137307 1309.140883
2459134.735528 0.9995799913132852 0.0008688740139691 1.835134 7867.85498 28.952578 4506032.013137 358.494336 1309.005755
2459134.735934 1.0013233774184864 0.0008675046696344 1.829135 7729.541992 29.448903 4269938.276853 358.898607 1310.385183
2459134.736332 1.0006726485683302 0.00086333512792 1.823291 7779.235352 29.174704 4414046.458931 358.570388 1310.245595
2459134.736736 1.0004198595554843 0.0008608634510949 1.817406 7751.802246 29.47134 4269222.296877 359.72591 1310.94136
2459134.737136 1.0022585773066688 0.0008588043825795 1.811626 7860.671387 29.132796 4435420.940161 358.89441 1310.905859
2459134.737535 0.9998973616955356 0.0008558452577623 1.805904 7664.726074 29.548877 4234699.393091 358.920586 1309.778121
2459134.737933 1.0032033150760784 0.0008550819359633 1.800237 7681.120605 29.436054 4278882.806471 358.359582 1310.924626
2459134.738333 1.0015238907467567 0.0008512714183868 1.794586 7838.369629 29.317039 4345540.992879 358.278861 1310.842422
2459134.738733 0.9992702211353484 0.0008474871692668 1.788986 7781.678223 29.369877 4317903.230513 358.678738 1309.861314
2459134.739139 1.0004221569825489 0.0008449308546569 1.78333 7741.283691 29.255052 4375460.895895 359.403807 1310.26563
2459134.739546 1.0033220892253187 0.0008437376258515 1.77771 7795.12207 29.180475 4427433.880946 358.872591 1309.80743
2459134.739962 0.9997648094156768 0.0008399344499008 1.772012 7786.296387 29.137374 4440529.976302 358.965509 1310.161099
2459134.740363 1.0014206776138632 0.0008385795134786 1.766562 7623.897949 29.462084 4287692.859044 360.242606 1309.904277
2459134.740762 1.0013479270431844 0.0008360500477334 1.761176 7872.081543 29.110014 4449103.902494 357.521975 1310.930432
2459134.741562 1.0011728903715855 0.0008316443405161 1.750503 7787.822266 29.533295 4248863.226194 358.404202 1309.808539
2459134.741961 1.002782756859217 0.0008289040398876 1.745237 7892.470215 29.204614 4434043.208881 357.878395 1310.399152
2459134.742361 0.9986983208753996 0.0008241229145728 1.740002 7846.691406 29.298798 4358874.085602 359.669061 1310.202323
2459134.74276 1.0003570584991015 0.000821063628535 1.734809 7737.397949 29.47064 4300176.80102 359.431214 1310.647596
2459134.743158 0.9998276743609424 0.0008180758173075 1.729669 7756.291992 29.399272 4328128.160307 358.728032 1310.175314
2459134.743955 1.0010086479196418 0.0008123334587161 1.719489 7802.829102 29.016599 4527977.723473 357.440649 1308.462949
2459134.744356 0.9995203606890996 0.0008103040673912 1.714434 7687.951172 29.527127 4270300.928092 359.772253 1309.084141
2459134.744757 1.0002347267253089 0.00080806786026 1.709403 7737.224121 29.27198 4397318.295556 359.506832 1308.937647
2459134.745158 0.9987601022823688 0.0008060738760719 1.704412 7725.663086 29.437788 4308908.232162 358.664965 1310.108173
2459134.74556 0.9982763571031226 0.0008039235553354 1.699451 7761.583496 29.273709 4379382.528654 358.943363 1310.492592
2459134.745965 1.0035797213584874 0.0008046226615232 1.694479 7565.48877 29.816008 4153632.767923 359.417335 1311.051356
2459134.746366 1.0003229075330784 0.0007998895219985 1.689603 7598.771484 29.814547 4132583.725862 357.089158 1310.283544
2459134.746765 1.0001756608102397 0.0007952557019763 1.684773 7877.033691 29.040474 4525273.797373 357.485186 1310.484508
2459134.747164 1.0049201534210612 0.000795927053856 1.679983 7727.162109 29.451357 4340527.229794 358.193571 1310.25547
2459134.747564 1.0024093177651776 0.0007917948755411 1.675227 7940.541992 29.061374 4530123.912935 358.762038 1310.468474
2459134.747965 0.9988748458578124 0.0007889093778621 1.670476 7730.664551 29.208167 4429272.242215 359.179941 1309.492723
2459134.74837 0.997846776832723 0.0007864509460817 1.66572 7768.393066 29.08089 4495343.513705 358.828032 1308.703526
2459134.748773 0.9987097659898448 0.0007850712271319 1.661025 7715.706543 29.224229 4432763.205256 359.595509 1308.890829
2459134.749181 0.9988645683234147 0.0007826287909366 1.6563 7826.664062 29.013311 4535133.874523 358.856039 1309.436512
2459134.749591 1.0005555634010246 0.0007810895941744 1.651582 7874.399902 29.157453 4493056.398117 358.438889 1310.000334
2459134.749991 1.0027189597365649 0.0007811530341752 1.64702 7778.628906 29.331111 4402937.106583 358.375213 1310.513901
2459134.750392 1.0021442059161247 0.0007789236727304 1.642483 7915.411133 29.205565 4475968.559211 358.785445 1311.119538
2459134.750792 0.999685244602575 0.000776209810272 1.637976 7617.404785 29.694396 4232478.194594 359.602337 1309.65212
2459134.751193 0.9991867728215148 0.0007756740743003 1.633505 7551.168457 30.032035 4053816.577803 359.963306 1309.22149
2459134.751592 0.999053276358305 0.0007739790384344 1.629078 7551.007324 29.971485 4089044.27599 358.521726 1309.791402
2459134.751993 0.9964962837718973 0.0007710113735211 1.624659 7628.186523 29.645112 4224790.687883 358.732127 1309.902823
2459134.752401 0.9984293053727462 0.0007691682444777 1.620198 7523.94873 30.239573 3999242.52237 359.618395 1309.254186
2459134.752804 1.0007721737262 0.0007675899566226 1.615814 7628.883301 29.752232 4214593.037357 358.452633 1310.186001
2459134.753216 0.9972982701946046 0.000762978350074 1.611382 7693.908691 29.493173 4337757.486316 359.041307 1310.629337
2459134.753627 1.00034537455172 0.0007627921219286 1.606975 7817.788574 29.431333 4367864.111442 358.379467 1311.029081
2459134.754035 1.0010473349963245 0.0007614567649586 1.602641 7873.064453 29.215901 4482431.129256 359.174401 1310.132561
2459134.754439 1.0007605665312338 0.0007600622152149 1.598374 7759.866699 29.486886 4332295.434308 359.965194 1309.907544
2459134.754855 1.0001617043052913 0.0007577027733241 1.594011 7884.945312 29.089722 4548430.074819 359.032162 1309.863289
2459134.755256 0.9979380543217646 0.0007550375676263 1.58984 7816.956543 29.024121 4570844.796854 359.184644 1309.657711
2459134.75566 1.0010481123825257 0.0007552148264664 1.585663 7821.728516 29.166633 4508191.77271 359.208329 1308.962906
2459134.756067 0.9994120265835618 0.0007531754016782 1.581488 7849.449219 29.256851 4457247.472601 359.04165 1308.761289
2459134.756484 1.0001575039328536 0.0007523717804042 1.577237 7798.976074 29.150336 4502300.918922 359.467169 1308.923996
2459134.757358 0.9977934707791226 0.0007469036781972 1.568427 7896.656738 28.691945 4735582.210089 358.908692 1309.696964
2459134.757778 0.998606841857668 0.0007458292642914 1.564244 7968.418945 28.74333 4705119.686328 360.04141 1309.51583
2459134.758206 0.9992740540395152 0.0007446463312074 1.560014 7941.995117 28.799498 4704008.752768 358.985026 1309.429791
2459134.758633 1.0002672534558492 0.0007449034430445 1.555817 7962.141113 28.819888 4692654.599668 358.996486 1310.192588
2459134.759087 1.0004697451955555 0.0007430834713475 1.551391 7932.158203 28.925576 4647713.449927 359.597958 1310.276707
2459134.759499 1.000674655708324 0.0007412115100503 1.547397 7821.728516 29.238692 4502312.870049 358.842656 1310.02531
2459134.759931 1.00073715618681 0.0007408770084656 1.543245 7649.715332 29.721172 4259694.599594 359.876084 1309.542579
2459134.760365 1.000841847768475 0.0007390227153104 1.539105 7825.786133 29.279498 4486563.875049 360.381924 1309.262261
2459134.7608 1.000794846132591 0.0007381015035763 1.534987 7905.706543 28.952844 4629543.212663 358.609569 1308.824324
2459134.761234 0.9983832680730824 0.0007354703654859 1.530909 7734.726562 29.39366 4411470.611205 359.519288 1309.582298
2459134.761659 0.9985157183022428 0.0007338992096252 1.526935 7968.827637 28.983204 4629418.762642 359.026851 1309.668819
2459134.762083 0.999727739285142 0.0007339711856817 1.52301 7841.899902 29.203623 4508955.578828 358.952106 1309.945379
2459134.762515 1.0004020019696425 0.0007337123078412 1.519036 7838.890625 29.111098 4543698.063328 359.498862 1309.80035
2459134.762939 0.9978570054856934 0.000730564659273 1.515159 7897.558594 29.088222 4578270.8759 360.449506 1308.554086
2459134.763373 0.9996011453939516 0.0007296069148531 1.511222 7880.245117 28.967361 4662637.809803 360.916244 1308.798858
2459134.763798 0.9984543438117134 0.0007271047594337 1.507394 7944.628906 28.723694 4756520.327188 359.479028 1309.107978
2459134.764217 0.9983596326168244 0.0007252550119584 1.50365 7947.548828 29.012059 4628487.813075 360.301836 1309.667495
2459134.76465 1.0001294399908325 0.0007242378192322 1.499805 8101.027344 28.572766 4868488.143973 360.006114 1309.74731
2459134.765084 1.0009688138445652 0.0007227235452671 1.495971 7878.004395 28.852448 4724119.491571 359.750723 1308.091966
2459134.76551 1.001535706759748 0.0007211406289191 1.492247 8089.561035 28.579912 4865325.805155 359.581583 1308.935537
2459134.765931 1.002139108097841 0.0007209050984222 1.488588 7995.316895 28.864978 4701994.948974 359.470388 1309.795197
2459134.766355 1.0027557567314074 0.0007200825857346 1.484921 7919.381348 29.044907 4624318.852081 359.582496 1309.307051
2459134.766802 1.0008754511767604 0.0007177422963208 1.481088 7852.35498 29.334285 4476915.668334 360.45572 1310.439643
2459134.767231 1.0031208431044296 0.0007167621227558 1.477445 7906.768066 28.947207 4690998.707917 360.124468 1310.43836
2459134.767655 1.005179157235674 0.0007162606676621 1.473861 8170.703125 28.486757 4952918.176038 360.544728 1309.365683
2459134.768074 1.0046599828839695 0.0007148602986741 1.470343 8139.515137 28.347333 5019804.568655 358.729344 1308.156039
2459134.768497 1.002974384487403 0.0007127884267974 1.466818 7965.024902 28.857557 4726795.496011 359.907501 1308.854919
2459134.768918 1.004366283975871 0.000710920757749 1.463335 8004.326172 28.76604 4802375.200058 360.478445 1309.904755
2459134.769347 1.0016417065627592 0.0007083589888529 1.459808 8085.099121 28.364045 4996646.880895 359.098687 1310.419021
2459134.769777 1.003742509802373 0.0007087913050428 1.456291 8197.499023 28.361438 5015968.910952 359.451409 1309.552353
2459134.77019 0.9996076187527398 0.0007060324043371 1.452944 7971.730957 28.712718 4798853.264625 359.808137 1309.403907
2459134.770619 1.0029084112836852 0.0007061579379347 1.449489 8067.720703 28.633443 4865372.55685 359.042053 1309.756383
2459134.771048 1.0037377074165723 0.0007055836969119 1.446065 7991.521973 28.725792 4836929.339167 360.371784 1309.122203
2459134.771469 1.0001507492914683 0.0007031609625738 1.442721 7982.072266 28.756453 4796078.778063 360.096399 1309.432019
2459134.771886 1.002729891167243 0.0007022640638374 1.439425 8040.85791 28.441355 4986697.056637 359.793643 1309.302989
2459134.772309 1.002993053762202 0.0007010349802437 1.436118 8079.478027 28.51028 4939466.976413 360.142625 1308.668267
2459134.772738 1.0031223142638652 0.0006995159296361 1.43278 7997.40918 28.656017 4867461.816478 359.841552 1308.992999
2459134.773154 1.0004931876988126 0.0006970520538162 1.429563 8048.048828 28.514136 4914888.177514 359.499413 1309.392861
2459134.773566 1.0012874114079011 0.000696102750507 1.4264 8208.499023 28.325647 5032738.975507 359.240302 1309.601542
2459134.773984 1.001793109922022 0.000694552232511 1.423214 8188.483398 28.305895 5046577.97841 359.326249 1309.206616
2459134.7744 1.0011132803290532 0.000692290145911 1.42006 8099.366211 28.348234 5010712.66431 360.307514 1308.386806
2459134.774827 1.0015997127004257 0.000690599502977 1.416851 8174.59375 28.301164 5043178.516737 360.686711 1308.710186
2459134.775242 1.0025422036393357 0.0006909168344063 1.413745 8157.595703 28.327368 5028372.353679 360.357274 1308.822927
2459134.775669 1.0017680659088573 0.0006923731989013 1.410577 8223.624023 28.309186 5042143.705802 359.787002 1308.766906
2459134.776092 1.0020279230045188 0.0006937028328141 1.407456 8197.970703 28.249814 5080341.416882 360.29798 1309.165859
2459134.776512 1.0011391278842705 0.0006909895877606 1.404385 8201.732422 28.33081 5030465.538267 359.99696 1309.285408
2459134.776954 1.002433847237007 0.0006874567085772 1.401168 8165.519531 28.37552 5006633.807884 359.991371 1309.313575
2459134.777372 1.0009008369311287 0.0006849655253717 1.398151 8201.049805 28.338334 5020904.043268 360.162099 1309.244263
2459134.777795 1.0042078361169366 0.0006864638103522 1.395113 8352.833008 28.162824 5137236.123552 360.316425 1309.513101
2459134.778211 1.0020687887349735 0.0006854402751 1.392147 8202.719727 28.201173 5094737.949742 360.7356 1309.443008
2459134.778632 1.0009523077872984 0.0006844055913892 1.389173 8218.173828 28.301371 5030440.439505 360.055684 1309.416261
2459134.779056 1.0028658539985889 0.0006848364363644 1.386189 8168.168945 28.377155 4995834.371615 359.979841 1309.435326
2459134.779471 1.0011608338105198 0.0006826596771745 1.383286 8109.060059 28.431007 4960147.448375 360.051537 1309.257587
2459134.779896 1.0014145391357274 0.0006817167765654 1.380339 8047.412598 28.555427 4901750.210111 359.280606 1310.03079
2459134.780318 1.0022454560738223 0.0006821895263671 1.377435 8077.165039 28.635422 4858615.858275 359.463625 1309.304209
2459134.780739 1.0007022153998364 0.0006823040046207 1.374548 7999.896973 28.964949 4659961.475303 359.534646 1309.750197
2459134.781156 1.0016501729116545 0.000681044933645 1.371709 8206.707031 28.534343 4921093.293146 359.817007 1309.345667
2459134.781578 1.000499304737726 0.0006782798254084 1.36886 8102.090332 28.469799 4941366.458555 359.758196 1309.305005
2459134.782006 0.9999469759150516 0.0006758313911088 1.365989 8060.621582 28.543257 4904370.306746 359.932707 1310.30538
2459134.782435 1.002054528221853 0.0006755628070529 1.36313 8145.205078 28.477278 4942971.718834 360.342015 1309.149737
2459134.782849 0.9992471418125172 0.0006741812666881 1.360388 8182.290039 28.198742 5085467.939913 359.626669 1308.915827
2459134.783275 1.000002545521745 0.0006751857468731 1.357586 8165.308594 28.327297 5015801.293441 359.895988 1308.818431
2459134.78369 1.0019376775996396 0.0006749669224811 1.35487 8153.0625 28.390572 4996359.290646 360.137782 1309.151403
2459134.784116 1.0013850610626018 0.0006728927441943 1.352106 8172.35498 28.461801 4950969.857861 360.591996 1309.773688
2459134.784543 0.9986844025322674 0.0006701210014406 1.349353 8203.698242 28.446699 4936940.616624 360.677343 1309.461719
2459134.784971 0.9987919065111166 0.0006694506190127 1.346612 8144.539551 28.264398 5054756.914287 360.505511 1309.626395
2459134.785411 1.000240754148273 0.0006696442068358 1.343813 8293.888672 28.201024 5100068.116586 359.980784 1309.311012
2459134.785864 0.9992344622276508 0.0006676025143285 1.340948 8157.870605 28.372624 5000842.537013 360.780503 1309.026055
2459134.786277 1.0006207712245057 0.0006666554480666 1.338357 8096.498535 28.386002 4984251.147382 360.485876 1309.264354
2459134.786696 1.000350630591465 0.0006641966777745 1.335744 8231.371094 28.231943 5077036.775067 360.271943 1309.17507
2459134.787127 0.999189599368586 0.0006619080486313 1.333078 8430.271484 28.01889 5205725.14568 360.27746 1309.415138
2459134.787542 1.0001939909165414 0.0006613648511737 1.330521 8262.657227 28.133021 5144480.449934 360.66443 1309.417739
2459134.787964 1.0018554110157405 0.0006620792043402 1.327944 8257.165039 28.314348 5047603.206134 360.441956 1309.236359
2459134.788383 0.9985918549836952 0.0006595182866594 1.325398 8190.454102 28.283624 5047175.013893 361.105929 1309.417427
2459134.788805 0.9996877890094804 0.000659680736896 1.322852 8249.613281 28.13615 5131765.431741 359.794719 1309.610003
2459134.789234 0.9999237036392198 0.0006599179510307 1.320283 8248.368164 28.220887 5081443.260605 359.587496 1309.372042
2459134.789654 1.0013642084174013 0.0006598089767134 1.317785 8401.972656 28.033444 5199420.564515 360.558667 1309.040891
2459134.790082 1.0008927037477482 0.0006593642102646 1.31525 8306.306641 28.17379 5111521.680711 360.752163 1309.078085
2459134.790513 0.9979465433962358 0.0006564169587992 1.312719 8337.032227 28.036718 5173449.079699 359.917413 1309.958246
2459134.79094 1.0005525160299635 0.0006561828380769 1.310229 8498.076172 27.898817 5271372.262513 359.566005 1310.091066
2459134.791358 0.999109305621925 0.0006541653166933 1.307808 8356.453125 28.016591 5202848.077418 359.502638 1310.341473
2459134.791794 1.0000480537014018 0.0006542232636569 1.305296 8375.658203 28.083043 5166631.231849 359.615273 1309.745269
2459134.792224 0.9992412807579186 0.0006530571132603 1.302835 8347.458008 28.108433 5161728.372686 359.88172 1309.084635
2459134.792642 0.9987808134287022 0.0006521338733548 1.300461 8566.655273 27.949341 5253105.218568 360.423966 1309.242873
2459134.793059 0.9998661144577836 0.0006516305897985 1.298104 8456.232422 27.904218 5292175.026317 360.802495 1308.332343
2459134.793475 1.000080364324581 0.0006509981333579 1.295772 8364.080078 28.075056 5187025.496269 360.243567 1308.950283
2459134.793895 0.999173927725852 0.000649462218653 1.293432 8330.876953 28.095089 5164756.297309 359.635187 1309.698242
2459134.79432 0.9988725004068902 0.0006482938076422 1.29108 8458.238281 28.088411 5173499.997149 360.470589 1310.034875
2459134.794743 0.999834428573543 0.0006474868024696 1.288752 8411.288086 28.040226 5223197.62464 360.393692 1310.104681
2459134.795194 0.9988030947836783 0.0006459341260604 1.286288 8459.636719 27.989175 5246664.713597 360.219931 1309.608873
2459134.795612 0.9983121477408692 0.0006449233097775 1.284021 8499.587891 28.083926 5187767.829667 360.982577 1309.480358
2459134.796024 0.9990834546364318 0.0006445662304235 1.281801 8393.115234 27.985125 5255930.767191 360.668207 1308.788604
2459134.79644 0.9991764579828708 0.0006441793824445 1.279573 8502.143555 27.999106 5247745.755927 360.571452 1309.400065
2459134.796862 0.9987723951036646 0.0006438424734787 1.277325 8400.601562 28.17873 5141395.969258 361.072817 1309.304753
2459134.797292 0.998884043284189 0.0006434162227911 1.27505 8668.901367 27.967576 5253255.344401 359.942014 1309.555045
2459134.797717 0.998975278752355 0.0006430315353277 1.27282 8501.649414 27.914936 5301221.100759 360.150312 1309.102577
2459134.798565 0.9987671617894954 0.000642399663939 1.268409 8428.676758 28.101035 5182423.468584 360.6842 1309.519871
2459134.798988 0.9974670101666072 0.0006405798722216 1.266232 8466.169922 28.085106 5193957.725923 360.822965 1309.073768
2459134.799417 0.9988068376431116 0.0006405377627954 1.264036 8473.481445 28.083157 5194148.713909 360.406369 1308.865155
2459134.799841 0.998542601800683 0.0006396501285597 1.261882 8480.069336 28.161776 5153555.608207 360.863174 1309.454399
2459134.800286 0.999244541663634 0.0006395824188987 1.259637 8633.911133 28.013008 5243864.392569 360.832797 1309.403239
2459134.800723 0.9983092898925334 0.0006384032427205 1.257445 8628.993164 27.948251 5280231.241041 360.985791 1309.912102
2459134.801134 0.9982632603109898 0.0006384143181892 1.255401 8586.908203 28.006447 5235963.945168 360.621917 1309.38965
2459134.801573 0.9973642013774467 0.0006368918181473 1.253231 8612.334961 27.998471 5249842.840968 360.43697 1309.029764
2459134.801998 0.9971242741828572 0.0006359869878731 1.251143 8594.56543 27.998039 5244947.140064 360.749822 1308.452718
2459134.802418 0.9995485691314792 0.0006370061548579 1.249088 8563.786133 27.978667 5270744.845158 360.745046 1308.935154
2459134.802855 0.997989789309153 0.0006362915986353 1.246969 8478.571289 28.162541 5152802.020509 360.360689 1310.113851
2459134.803278 0.9975183763993718 0.0006351811540776 1.244932 8531.039062 28.125708 5179448.684299 360.049181 1309.996963
2459134.803697 0.99920556901651 0.0006356862498959 1.242929 8787.158203 27.984385 5267637.106996 360.061452 1309.711984
2459134.804113 0.9969124285104513 0.000633563302936 1.240951 8642.493164 27.939835 5277892.784002 360.457774 1309.092007
2459134.804534 0.99809702015231 0.0006334271085132 1.238963 8587.22168 28.105789 5185813.373273 360.528914 1309.233626
2459134.80496 0.9983993329111538 0.0006333967204658 1.236963 8521.996094 28.136517 5174550.724171 361.116375 1309.972278
2459134.805376 0.9987271167524712 0.0006325277411545 1.235022 8638.887695 28.099831 5205292.733039 360.808327 1309.988783
2459134.805788 0.9976022303432918 0.0006317545853527 1.233113 8492.413086 28.123342 5170712.39128 360.389397 1310.008757
2459134.80622 0.998993417620794 0.0006324417194762 1.231126 8528.632812 28.14423 5173229.788884 360.756301 1310.025964
2459134.80665 0.9984351051111692 0.0006315714206728 1.229162 8735.989258 27.984475 5270180.306158 360.504928 1310.080044
2459134.807089 0.9979221845806164 0.0006303839873192 1.227168 8871.225586 27.914348 5312629.38563 360.026587 1310.120003
2459134.807511 0.9974729947111264 0.0006285952374682 1.225267 8655.931641 27.939772 5313425.733033 361.134143 1309.155041
2459134.807914 0.9972898480105072 0.0006275232718877 1.223458 8540.041016 27.993067 5273196.157387 360.89093 1309.291852
2459134.808315 0.997599545295088 0.0006273084356818 1.221675 8488.015625 28.194216 5144289.673901 360.621319 1309.94532
2459134.808715 0.997399073558909 0.0006263584700632 1.219903 8484.168945 28.247113 5117219.585955 360.729284 1309.616506
2459134.809119 0.9972134060345288 0.0006258653543031 1.21813 8556.75 28.108641 5201767.379288 360.029063 1309.68686
2459134.809522 0.9975998231474092 0.0006262702976223 1.216368 8774.952148 28.034098 5249482.973707 360.911587 1309.658676
2459134.809925 0.9987803572020512 0.0006272477882096 1.21462 8700.760742 28.013014 5262545.293199 360.803306 1309.579989
2459134.810329 0.9987209988559888 0.0006267458502568 1.212874 8715.924805 27.959666 5298539.598711 360.399089 1309.464222
2459134.810729 0.9980456972267746 0.000625897340994 1.211159 8625.3125 27.992782 5272872.225426 361.110461 1309.471533
2459134.811135 0.9978520607434568 0.0006252639427047 1.209433 8840.025391 27.956175 5303192.851535 360.95696 1309.484649
2459134.811536 0.997919505535395 0.0006253209307017 1.207735 8615.837891 28.019286 5265040.825734 360.563876 1310.254862
2459134.811937 0.9981434960984626 0.0006251010199017 1.206046 8561.682617 28.085702 5232405.364811 360.230161 1310.118197
2459134.812343 0.9967771474463752 0.0006241668554063 1.204349 8588.55957 27.99506 5272602.479363 360.624646 1309.731975
2459134.812743 0.9985919600358848 0.0006249910809004 1.202689 8564.861328 28.131698 5204066.130338 360.558555 1309.528402
2459134.813144 0.998081710403649 0.0006241416092657 1.201035 8496.398438 28.106189 5210473.961382 361.025427 1309.508106
2459134.813545 0.9975376386830604 0.0006229667747276 1.19939 8516.585938 28.098693 5219770.274101 360.583755 1309.834506
2459134.813946 0.99819124253293 0.0006224349243562 1.197754 8706.05957 28.01092 5272876.636604 360.562336 1309.813413
2459134.814347 0.9977932825427508 0.0006222334200435 1.196132 8687.509766 27.933806 5314970.799362 359.859139 1310.267561
2459134.814746 0.99735077056223 0.0006217560613747 1.194523 8597.350586 28.003981 5272832.923038 359.793459 1310.207001
2459134.815157 0.9974823113395794 0.0006211714149186 1.192882 8537.361328 28.063516 5243454.604415 360.397349 1309.704929
2459134.815569 0.9985988964818752 0.0006211215537344 1.191245 8438.648438 28.248623 5134406.452287 360.756996 1309.166782
2459134.815968 0.995119280683884 0.0006187211199546 1.189669 8564.665039 28.211145 5142369.734916 360.461698 1309.643813
2459134.816377 0.9999103907397258 0.0006207162641709 1.188066 8451.813477 28.329646 5097923.472784 360.438061 1309.91705
2459134.81678 0.9971436410899508 0.0006187815368618 1.186496 8456.900391 28.255324 5130852.574596 361.155703 1310.118882
2459134.817181 0.9988516726311876 0.000619563490482 1.184943 8685.750977 28.064185 5244357.65453 360.507271 1310.161837
2459134.817582 0.9973780626922476 0.0006184274374864 1.1834 8507.963867 28.244658 5137223.195529 360.91219 1310.429875
2459134.817984 0.99636355226014 0.0006172011152788 1.181864 8461.551758 28.270477 5118092.903733 361.176422 1309.716447
2459134.818386 0.9974767778762976 0.0006174108295033 1.180337 8502.495117 28.261106 5128777.761072 361.251568 1309.67129
2459134.818786 0.9968503135091826 0.0006168631096418 1.178828 8569.194336 28.210684 5147942.990652 360.437639 1310.818633
2459134.819189 0.9987385009795248 0.0006176356850487 1.177317 8463.169922 28.326456 5088383.470662 360.317219 1310.096186
2459134.819589 0.9988758612193817 0.0006162136400254 1.175828 8522.34668 28.177724 5185097.775093 360.29909 1309.934202
2459134.819988 0.9987188326369651 0.0006156040229719 1.174349 8699.417969 28.129434 5198081.324655 359.926348 1310.566216
2459134.820394 0.9981045191634944 0.0006152090442485 1.172856 8487.017578 28.327285 5081564.309703 360.045723 1310.242144
2459134.820793 0.9969297556899328 0.0006140015209253 1.171398 8492.009766 28.236328 5128251.659251 360.501497 1309.453581
2459134.821194 0.9994102119677842 0.0006155491308799 1.169946 8236.59082 28.481198 4998066.681233 361.306734 1309.791863
2459134.821593 0.9963789074599524 0.0006135384593325 1.168504 8350.771484 28.478458 4995744.579046 360.760675 1310.202409
2459134.821995 0.9974754803745628 0.0006140266323181 1.167066 8558.155273 28.224321 5131973.004424 359.783166 1311.387133
2459134.822395 0.9989420102247226 0.000615049540567 1.165642 8464.189453 28.268042 5117257.779958 360.310496 1310.461666
2459134.822795 0.9989443548180758 0.0006147077424671 1.164226 8412.575195 28.315242 5093166.317549 361.311599 1310.322152
2459134.823198 0.9981535399453364 0.0006142859734514 1.162811 8426.957031 28.351661 5052058.588993 361.189365 1309.606195
2459134.823601 0.9982883051817232 0.0006143022465014 1.161402 8372.026367 28.43982 5008622.929242 360.859914 1310.00052
2459134.824001 0.9980759175257772 0.0006137765327465 1.160016 8362.481445 28.339329 5063891.202535 360.318711 1310.403948
2459134.824401 0.9992014183830684 0.0006145686290985 1.158637 8438.97168 28.414887 5022273.499575 360.623978 1310.576947
2459134.8248 0.9986393042705414 0.0006143198606 1.15727 8275.210938 28.570012 4929950.838748 360.556355 1309.693325
2459134.825201 0.9962107875102594 0.0006123729213067 1.155907 8176.027832 28.519036 4944500.668792 360.772574 1309.67581
2459134.825602 0.9980905425056772 0.0006123504826569 1.154553 8460.643555 28.257031 5104464.475155 360.854845 1310.152412
2459134.826004 0.9959109016713826 0.0006100513178798 1.153203 8388.240234 28.35266 5048123.46567 361.110762 1310.009898
2459134.826408 0.9987053988202576 0.0006111557689124 1.151854 8227.207031 28.609567 4914536.766681 360.665434 1310.605036
2459134.826808 0.9989876067339754 0.0006110617001383 1.150529 8397.459961 28.525955 4964284.637135 359.743881 1310.518494
2459134.827208 0.9983718251025596 0.0006108194719954 1.149213 8242.095703 28.632772 4903013.363316 361.069013 1310.023257
2459134.827608 0.9977066239197664 0.0006107874423467 1.147908 8151.01709 28.777709 4823039.266998 361.142336 1310.127809
2459134.828007 0.9970126007040504 0.0006100958132947 1.146612 8259.475586 28.623466 4898549.458007 360.759308 1310.496779
2459134.828406 0.998384010727744 0.0006109392417141 1.145325 8321.133789 28.478925 4983679.492486 360.29476 1310.169818
2459134.828819 0.9984185115818752 0.0006106800411768 1.144001 8386.473633 28.457557 5002230.932269 360.781493 1310.17667
2459134.82922 0.9975467014711208 0.0006097796957775 1.142726 8335.100586 28.512965 4968767.219846 361.202647 1309.640022
2459134.829624 0.9970406157646448 0.0006090110775496 1.141448 8283.988281 28.558206 4938703.666584 360.457648 1309.843103
2459134.830024 0.9986854706343236 0.000609290709089 1.140194 8236.964844 28.684167 4882039.676411 360.566128 1309.513187
2459134.830423 0.9974242766511034 0.0006075103042382 1.138948 8393.538086 28.376898 5045448.181739 360.521431 1309.940661
2459134.830829 0.9968988836385718 0.000606746080565 1.137692 8345.864258 28.432085 5005418.866884 360.285316 1310.506539
2459134.83123 0.9972810394916232 0.0006062513790211 1.136459 8370.34082 28.401987 5027355.57888 359.915578 1310.372333
2459134.83163 0.9978612110035444 0.0006058009142035 1.135235 8552.472656 28.262654 5111759.563569 360.887242 1309.746094
2459134.832029 0.9987541083045915 0.0006058671586139 1.134023 8337.910156 28.392036 5040947.995368 360.764198 1309.875843
2459134.83243 0.9991857879036412 0.0006056830008647 1.132816 8396.336914 28.402146 5048613.905445 360.781445 1309.602267
2459134.832831 0.9986203121210538 0.0006050952668878 1.131616 8432.541016 28.360345 5064082.36824 361.010461 1310.055725
2459134.833239 0.9981314682659548 0.0006046380213341 1.130403 8355.363281 28.377463 5045068.724147 360.700445 1310.535682
2459134.833652 0.998960737385422 0.0006048077433641 1.129182 8415.876953 28.311416 5072984.404593 360.750907 1310.427453
2459134.834054 0.9989672403303372 0.0006041877155684 1.128005 8422.510742 28.325674 5069651.671374 361.073546 1309.463101
2459134.834462 0.998759703941618 0.0006042525573935 1.126816 8559.536133 28.282828 5096048.626278 360.602869 1310.686284
2459134.834871 0.9984223740721692 0.0006038779590158 1.125636 8580.727539 28.14596 5169427.173568 360.044902 1310.442627
2459134.835282 0.9987526388602936 0.0006042260447896 1.124456 8474.771484 28.284477 5095230.7734 360.279459 1310.228561
2459134.83569 0.9985242210978162 0.0006034186646789 1.123292 8648.716797 28.172929 5161034.345914 360.957832 1309.7496
2459134.836095 0.9997652013246612 0.0006030951058266 1.122147 8722.081055 28.073197 5228410.713361 361.020112 1309.813695
2459134.836494 0.997363775165707 0.0006011255747075 1.121025 8777.601562 28.052209 5234645.669103 361.095314 1309.781319
2459134.836895 0.9989286471574484 0.0006013777189501 1.119904 8875.424805 28.027628 5257936.629906 360.169198 1310.849141
2459134.837295 0.9978940996281572 0.0006007907090467 1.118798 8774.578125 28.128315 5197490.267855 361.020371 1310.280429
2459134.837697 0.997954820222406 0.0006004151381677 1.117692 8631.94043 28.32183 5088353.270976 360.686302 1309.834532
2459134.838096 0.9969722387953202 0.000599053419048 1.116601 8706.110352 28.10686 5214669.959617 360.453419 1309.952453
2459134.838496 0.9972267935425164 0.000598549383484 1.115517 8731.673828 28.150929 5195570.841493 360.535795 1309.537746
2459134.838897 0.9967927363337112 0.0005983540201251 1.114436 8537.461914 28.260859 5120577.561213 361.487177 1310.389289
2459134.839296 0.9983379322647732 0.0005990718060275 1.113367 8627.414062 28.218423 5153930.603155 360.495906 1310.202465
2459134.839695 0.9982005402948672 0.0005985574210485 1.112307 8580.572266 28.340585 5103902.694741 362.031015 1310.022355
2459134.840095 0.9968854047994972 0.0005977057199164 1.111254 8633.706055 28.142255 5198663.820316 361.123708 1310.537685
2459134.840498 0.9967290472647397 0.0005970580825743 1.110199 8795.290039 28.00806 5283964.65729 360.652948 1310.897032
2459134.840914 0.9975496137750812 0.0005971984540057 1.109119 8900.869141 27.978485 5308015.758991 360.687194 1310.251367
2459134.841315 0.9974685932387836 0.0005971141254236 1.108083 8806.505859 28.08243 5241431.192417 360.775272 1309.755005
2459134.84172 0.9977304922059788 0.0005965297495958 1.107047 8865.788086 28.073829 5261549.135771 360.941665 1310.264404
2459134.842119 0.997869533280866 0.0005964690634827 1.106032 8912.253906 27.93796 5328360.349707 360.622999 1310.002452
2459134.842519 0.9977334173734728 0.0005964306483966 1.105023 8848.118164 28.031181 5288168.488105 361.312126 1310.129719
2459134.842919 0.9970420470471272 0.0005963596060724 1.10402 8660.335938 28.22454 5175590.958104 360.952601 1309.967521
2459134.84332 0.9980005187823572 0.0005974132453882 1.103023 8704.697266 28.173155 5197730.437582 360.849247 1310.323352
2459134.84372 0.9980624639849848 0.0005970598063321 1.102037 8925.320312 27.923925 5355258.243492 360.575922 1310.554395
2459134.844125 0.9984840084060732 0.0005971400796045 1.101043 8946.27832 27.916165 5362218.323451 360.536069 1310.332105
2459134.84453 0.9987609924388796 0.0005970840043585 1.10006 8875.389648 27.958615 5337092.537436 360.592265 1311.322839
2459134.844931 0.997870398567879 0.0005961551907532 1.099091 8891.232422 28.028395 5280174.504393 361.374608 1310.518931
2459134.845331 0.9978914355903916 0.0005952347645346 1.098133 8802.168945 27.976742 5322139.116887 360.863721 1310.276836
2459134.845731 0.9974400644944224 0.0005944424986096 1.097183 8839.213867 27.960691 5332201.134485 360.585386 1311.279424
2459134.84613 0.9987684425686372 0.0005953293200515 1.096241 8656.737305 28.11747 5229040.865121 360.995189 1310.505396
2459134.84653 0.997269143724725 0.0005942641967864 1.095304 8805.324219 28.031902 5283396.512433 360.947334 1310.42703
2459134.84693 0.9975457620043986 0.0005946057464181 1.094374 8717.021484 28.073759 5255566.01401 361.321815 1310.31503
2459134.848138 0.9964608164376232 0.0005924670588317 1.09161 8700.03125 28.008075 5302699.249154 360.810967 1310.630678
2459134.848539 0.9991260410788706 0.0005936311979788 1.090707 8747.296875 27.996068 5323992.46315 360.698911 1310.963389
2459134.848941 0.9981816459082336 0.0005927310220373 1.089807 8795.65332 27.99844 5315727.502857 360.595753 1310.44315
2459134.849343 0.9974619029150652 0.0005919311133373 1.088916 8635.636719 28.124726 5247826.44095 361.198989 1310.11364
2459134.849744 0.997090202113172 0.0005917618241064 1.088033 8638.939453 28.200021 5193900.258483 361.174934 1310.245965
2459134.850145 0.9978399557297488 0.0005914962627288 1.087158 8588.551758 28.007849 5312420.434149 360.587142 1310.231603
2459134.850545 0.9994541928172428 0.0005920735608438 1.086291 8679.296875 27.904071 5381927.185892 360.343791 1310.764749
2459134.850953 0.9968233815581 0.0005899273046311 1.085413 8600.337891 27.920073 5363147.76461 361.46537 1310.544883
2459134.85136 0.9975883685997065 0.0005906200865477 1.084545 8696.842773 27.954083 5340409.798696 360.720753 1310.791794
2459134.851767 0.9972826890253887 0.0005906646009123 1.083684 8505.842773 27.970758 5336332.509551 360.302423 1310.935301
2459134.852179 0.9978347189853038 0.0005909614756526 1.08282 8466.140625 27.974643 5346419.120526 360.462571 1310.582048
2459134.852584 0.9989814120850772 0.000591654240374 1.081979 8515.324219 27.952408 5361729.074373 361.033181 1310.089354
2459134.85339 0.9980904734713814 0.0005910384216586 1.080323 8512.703125 27.883871 5394920.103754 360.513557 1310.415568
2459134.853792 0.9963973310412638 0.0005903059986909 1.079506 8489.80957 27.962518 5341075.058762 360.967299 1310.005962
2459134.854193 0.9972375028628512 0.000590353283553 1.078699 8415.589844 28.098263 5275497.983795 361.088909 1310.214176
2459134.854593 0.9974494450117576 0.0005906121573558 1.077901 8426.552734 27.994068 5324174.735495 360.763286 1311.038022
2459134.854994 0.9977689413072937 0.0005902555971129 1.077108 8409.524414 28.008585 5327795.168503 360.379954 1310.919733
2459134.855393 0.9976244242262408 0.0005904934384574 1.076323 8444.71582 28.113481 5263256.184285 361.513986 1310.440017
2459134.855799 0.9978944713842725 0.0005903069395506 1.075534 8483.837891 28.026986 5314899.767096 360.840388 1310.410469
2459134.856198 0.9994975334915228 0.0005910690766664 1.074763 8396.282227 28.241073 5190677.161765 360.644268 1310.574481
2459134.856599 0.9969786328289856 0.0005891200795829 1.073997 8378.520508 28.178472 5230173.682713 360.961829 1309.882362
2459134.856998 0.9979513577880008 0.0005893686420524 1.073239 8544.514648 28.109402 5276058.252108 360.584729 1311.121443
2459134.857398 0.9972757555808895 0.0005887411995353 1.072487 8484.432617 28.15503 5245161.894796 360.566014 1310.46519
2459134.857797 0.9980085644937106 0.0005892610231191 1.071743 8364.388672 28.316222 5161880.037297 361.193892 1310.751452
2459134.858197 0.998559677712479 0.0005892379809048 1.071002 8377.635742 28.326768 5156955.237496 360.670221 1309.83881
2459134.858604 0.997625124431242 0.0005882798080054 1.070258 8523.334961 28.278807 5173275.411944 360.530038 1310.090317
2459134.859004 0.9985145614418064 0.0005882632929707 1.06953 8607.99707 28.187912 5228233.895222 360.309157 1311.257182
2459134.859407 0.998069826642715 0.0005874617170302 1.068805 8714.063477 28.15434 5243655.458114 360.467932 1310.501022
2459134.859806 0.9970660688381716 0.0005861461285945 1.068092 8787.164062 28.083598 5284323.515527 360.511305 1310.769035
2459134.860207 0.9979240056281604 0.0005867908361494 1.067383 8913.147461 28.011746 5344687.171324 361.028218 1310.323848
2459134.860607 0.9988157336340224 0.00058726828721 1.066683 8776.71875 28.069087 5309950.093649 361.238974 1309.926589
2459134.861006 0.9982032240567176 0.0005872355000964 1.065989 8777.630859 28.040452 5324015.945174 359.941923 1310.929781
2459134.861412 0.9978149683161308 0.0005863660339293 1.06529 8808.782227 28.064298 5312239.416289 360.57135 1309.767913
2459134.861819 0.9975409849168806 0.0005858074729618 1.064597 8810.334961 28.050772 5316213.942758 360.159575 1310.339055
2459134.862226 0.9969965641657526 0.0005852857715 1.063909 8849.837891 28.038339 5322348.241635 360.150626 1310.418775
2459134.862626 0.997593273036205 0.000585621304999 1.063239 8747.609375 28.019219 5333255.284154 361.22236 1310.286985
2459134.863027 0.9976867471879658 0.0005860935024961 1.062575 8764.385742 28.088425 5293076.226427 361.002871 1309.93036
2459134.863427 0.9972746450291732 0.0005861426895439 1.061918 8878.801758 28.010445 5333423.234456 360.419233 1310.640153
2459134.863826 0.9975115801658953 0.0005862123208749 1.061268 8741.37207 28.011509 5344895.10587 361.262155 1309.633164
2459134.864623 0.9971896620958056 0.0005852548498587 1.059989 8927.736328 27.847366 5447899.627887 360.366377 1310.279357
2459134.865026 0.9972919409073904 0.0005848040903709 1.059352 9034.770508 27.79608 5473519.647842 360.340366 1310.772009
2459134.865839 0.997304205000128 0.0005846383107214 1.058085 8804.120117 27.953846 5367993.60474 360.426529 1310.372197
2459134.866239 0.9969620573086388 0.000584281607197 1.057473 8820.647461 27.889274 5414140.994904 360.819178 1309.843878
2459134.866639 0.9968852967458168 0.0005843548490948 1.056865 8723.470703 27.904955 5407635.668885 360.332319 1310.698893
2459134.867039 0.9971507975023624 0.0005845357536846 1.056263 8601.918945 28.044436 5333933.827165 360.995188 1310.400714
2459134.867442 0.9975083792900024 0.0005843867331338 1.055662 8592.158203 27.985277 5372412.737769 360.940352 1309.916324
2459134.867842 0.9969886513775774 0.0005839509939028 1.055073 8529.012695 28.172004 5259894.68313 360.674465 1310.291901
2459134.868241 0.9987376828588008 0.000585195777341 1.054491 8548.94043 28.210734 5240784.907847 360.807234 1309.593798
2459134.868641 0.998235556976688 0.0005844304365994 1.053913 8552.692383 28.138515 5297925.992108 359.898202 1310.194873
2459134.869052 0.996869276930112 0.0005839151471429 1.053326 8359.091797 28.336929 5160390.7095 361.224994 1309.490909
2459134.869455 0.9978786102188132 0.0005841087571905 1.052756 8420.885742 28.314857 5174992.056022 360.455566 1310.78269
2459134.869856 0.9979274925032792 0.000583632689467 1.052195 8476.806641 28.111747 5299331.657163 360.648642 1310.716528
2459134.870257 0.9970873309725184 0.0005828767954485 1.051641 8608.904297 28.10666 5294380.694311 360.785128 1309.881761
2459134.870656 0.997189843042842 0.0005827994510393 1.051094 8478.256836 28.152481 5268181.523206 360.873813 1310.158101
2459134.871056 0.9968875650155384 0.0005831501724149 1.050553 8501.825195 28.171573 5251052.330642 360.250126 1310.66479
2459134.871455 0.9968911981061532 0.0005833145618317 1.050017 8582.510742 28.135826 5270213.752582 360.92628 1310.255416
2459134.871856 0.9961047255335036 0.0005831849011971 1.049487 8519.802734 28.274255 5178128.656299 360.557278 1309.791253
2459134.872263 0.9967509993132608 0.0005835147613498 1.048953 8383.816406 28.454129 5082829.774738 361.285275 1309.515067
2459134.872663 0.9976856074789072 0.000583898962915 1.048435 8532.988281 28.330578 5165455.937872 360.096048 1309.954151
2459134.873064 0.9980162826137468 0.0005836059561468 1.047922 8512.517578 28.440006 5106473.968362 361.340955 1310.170358
2459134.873463 0.9992596636047074 0.0005833549659187 1.047416 8578.233398 28.187041 5268012.616963 359.853198 1309.801762
2459134.873862 0.9962717632312535 0.0005814844925912 1.046916 8586.34375 28.181028 5253431.794218 360.293326 1310.424985
2459134.874264 0.997760834279764 0.0005820788517881 1.046419 8546.291992 28.105458 5309396.672891 360.357326 1309.79644
2459134.874667 0.9972701054882384 0.0005823735031788 1.045927 8640.945312 28.286694 5196564.656292 359.781168 1310.476144
2459134.875075 0.9978621543293268 0.0005828789642824 1.045434 8619.345703 28.096543 5299668.404677 360.457717 1309.811218
2459134.875484 0.9981393999206456 0.000582889404899 1.044945 8575.429688 28.1912 5252369.442452 360.671224 1309.847707
2459134.875892 0.9967281378129286 0.0005820040964461 1.044465 8555.323242 28.192851 5251464.370364 360.543889 1309.852965
2459134.876301 0.9969420712368045 0.0005819776930752 1.043989 8571.810547 27.974744 5388759.19932 359.666558 1311.159927
2459134.876712 0.997841645569252 0.0005823312504315 1.043516 8620.461914 27.99963 5387317.609843 360.264962 1310.311662
2459134.877116 0.9979743822264228 0.0005832505797357 1.043058 8486.25 28.163838 5280903.325549 360.165763 1310.187436
2459134.877524 0.997371703390122 0.0005827767759504 1.0426 8602.629883 28.075717 5326926.363836 360.598511 1310.158921
2459134.877933 0.9977751685438097 0.0005824471898561 1.042149 8543.921875 27.952586 5409089.379531 360.257331 1309.832501
2459134.878343 0.9974340773771962 0.0005820816388158 1.041701 8643.505859 27.941903 5407129.490237 360.194379 1309.938503
2459134.878751 0.998355561308505 0.0005821072306372 1.041261 8550.594727 28.081 5317852.167871 360.540572 1309.835286
2459134.879159 0.9955808362680256 0.0005801570713188 1.040828 8621.269531 28.109304 5299624.050943 360.660509 1309.697865
2459134.879564 0.9969878637005491 0.0005807625847548 1.040404 8542.68457 28.360519 5164098.985684 359.836431 1310.331357
2459134.879974 0.9973144087836008 0.0005808718589379 1.03998 8431.175781 28.551107 5053294.534886 360.00075 1309.593966
2459134.880379 0.997018203201628 0.0005805284893153 1.039567 8491.672852 28.357742 5151418.359237 359.979981 1310.078164
2459134.88078 0.9971903352873868 0.0005799138929087 1.039165 8638.887695 28.218632 5235874.115679 360.517592 1310.209668
2459134.881179 0.9979878769305218 0.0005807202548792 1.038768 8543.642578 28.415092 5134236.50862 360.094817 1309.89222
2459134.88158 0.997130654066636 0.0005802058773381 1.038377 8677.74707 28.102784 5309797.336348 359.939811 1309.999302
2459134.881979 0.998455876287325 0.0005813210814095 1.037993 8822.029297 27.994179 5379140.780373 360.106921 1310.651428
2459134.882382 0.9963980115221804 0.0005798892328577 1.03761 8805.00293 27.976488 5384718.382111 360.601476 1309.946887
2459134.882785 0.9966881373694866 0.0005801475658872 1.037233 8676.088867 28.051107 5338712.478502 360.175634 1310.136064
2459134.883188 0.9960957497886856 0.0005793388551117 1.036862 8586.823242 28.188098 5259555.233363 360.095346 1309.767217
2459134.883597 0.996911544785707 0.000579581974322 1.036491 8747.870117 28.011597 5363164.867623 360.004057 1310.277544
2459134.884008 0.99798062790067 0.0005801307424698 1.036123 8691.927734 28.069064 5327545.707817 359.976691 1309.829674
2459134.884417 0.9977639078066766 0.0005794383420156 1.035764 8703.099609 28.035777 5356248.861743 360.313964 1310.025396
2459134.884825 0.9980312244653532 0.0005798922687431 1.035411 8651.125 28.035031 5346338.202984 359.434511 1310.276061
2459134.885236 0.9971480266972692 0.0005789969485294 1.035062 8600.389648 28.083909 5318297.484637 359.756014 1310.11865
2459134.885638 0.9985541373886462 0.000579810765515 1.034726 8487.017578 28.075716 5323727.399448 359.809604 1310.073808
2459134.886053 0.996353484401337 0.0005783361040763 1.034384 8550.433594 28.00529 5359464.008464 360.009243 1309.747162
2459134.886458 0.9965304934813896 0.0005788676422039 1.034056 8449.165039 28.066687 5325747.929554 360.300862 1309.672952
2459134.886858 0.996237711743222 0.0005788669713438 1.033739 8405.99707 28.005344 5365447.24182 359.747543 1310.326991
2459134.887272 0.9975178682898024 0.0005796251769089 1.033416 8459.791016 27.996547 5373774.69881 359.913344 1310.161483
2459134.887677 0.9972878039950508 0.0005792025079427 1.033105 8355.123047 28.02882 5356586.984413 359.694925 1309.356985
2459134.888085 0.9972819223587984 0.0005791741508958 1.032798 8450.698242 28.025638 5347525.273268 359.763163 1309.262801
2459134.8885 0.9973059252833274 0.0005794067368753 1.032491 8411.646484 28.127129 5275716.054074 359.745806 1310.073771
2459134.888902 0.9971527647654028 0.0005792344103355 1.0322 8576.411133 28.021778 5339972.164967 359.144017 1311.092238
2459134.889307 0.9964021857387666 0.0005783404804769 1.031911 8567.669922 28.078942 5312323.983139 359.817775 1309.817805
2459134.889713 0.9966084559270152 0.0005786153974699 1.031628 8654.645508 28.132053 5277224.295058 359.779101 1310.127893
2459134.890122 0.9982349618238764 0.0005796572327595 1.031348 8674.00293 28.201531 5249042.757795 359.428115 1309.805997
2459134.890531 0.9960983109181843 0.0005788489880053 1.031074 8630.413086 28.105702 5288331.699166 360.103624 1309.791513
2459134.89094 0.9965089985170884 0.0005793932900793 1.030806 8640.566406 28.220429 5225143.002127 359.916622 1310.162956
2459134.891347 0.9969429365238174 0.0005796442109786 1.030544 8457.360352 28.506297 5073937.177763 359.70646 1309.999109
2459134.891752 0.9964920941190708 0.0005791358092324 1.03029 8471.239258 28.354828 5140749.635353 360.141079 1309.498667
2459134.892152 0.9967505743878744 0.0005791149759169 1.030043 8496.87207 28.273383 5189896.826777 359.887912 1310.183164
2459134.892551 0.998591605002363 0.0005799155392098 1.029803 8586.013672 28.193277 5229279.082327 359.796099 1309.499294
2459134.892951 0.997581547496732 0.0005790516863753 1.029568 8583.290039 28.166898 5256266.393799 359.869028 1309.287772
2459134.893354 0.9974670341785362 0.0005795749939301 1.029336 8639.686523 28.115131 5272318.225589 359.510032 1310.212651
2459134.893753 0.9975248437551778 0.0005798421001891 1.029112 8629.12793 28.164603 5244588.260971 358.903088 1309.801908
2459134.894154 0.997355588813055 0.0005797554668149 1.028892 8619.703125 28.197152 5223483.590194 359.927949 1309.767696
2459134.894553 0.9980447791992748 0.0005804871993633 1.028679 8687.313477 28.210743 5214082.828362 359.249929 1310.863998
2459134.894953 0.997817368651462 0.0005797272698463 1.02847 8603.023438 28.124756 5267514.941938 359.684062 1310.218928
2459134.895352 0.9995973532243072 0.0005804780116169 1.028267 8665.204102 28.061298 5310888.777153 359.543662 1310.081834
2459134.895753 0.9971807425217504 0.0005793075929653 1.028069 8486.280273 28.205269 5209516.81823 359.631381 1310.141884
2459134.896157 0.9970209975898656 0.000579110983961 1.027874 8320.966797 28.301461 5151481.306834 358.929505 1310.067581
2459134.89656 0.9985218014671848 0.0005796005433288 1.027686 8383.558594 28.333027 5144036.629784 359.327578 1310.007541
2459134.896962 0.9971156444670876 0.0005790580151209 1.027503 8305.458008 28.442556 5069280.342347 359.56114 1310.623349
2459134.897364 0.9971227399921077 0.0005789050472782 1.027326 8382.625 28.252758 5187987.451842 359.097189 1309.853085
2459134.897763 0.9976683360414034 0.0005797081784848 1.027155 8437.389648 28.145289 5244166.530857 359.38433 1309.730264
2459134.898163 0.99733432496357 0.0005800698802527 1.026989 8328.25293 28.399642 5096173.248064 359.633906 1309.605339
2459134.898562 0.9975611176329956 0.0005806848826186 1.026829 8402.211914 28.398632 5102279.992171 359.394965 1310.318409
2459134.898964 0.9971112236994444 0.000580664725154 1.026673 8566.790039 28.113982 5267426.488087 359.203241 1310.195464
2459134.899364 0.9958223491074985 0.0005809786479186 1.026523 8492.413086 28.414032 5081643.845864 359.488356 1309.661231
2459134.899766 0.997437035989877 0.0005820217734727 1.026377 8313.151367 28.522724 5030893.1875 359.512265 1309.369416
2459134.900165 0.997726274253379 0.000582757079162 1.026238 8285.180664 28.520702 5031564.069222 359.364133 1310.765229
2459134.900566 0.9974428961869068 0.0005827306036583 1.026104 8468.107422 28.291982 5146062.575371 359.486535 1310.261314
2459134.900967 0.9975583103812246 0.0005829703331691 1.025975 8490.511719 28.248195 5180632.029343 358.929434 1310.029764
2459134.901367 0.9965938485272774 0.0005819393331139 1.025851 8642.326172 28.04881 5292181.853133 359.05547 1310.280309
2459134.901769 0.997168869909212 0.0005815000778344 1.025732 8609.858398 28.072688 5281754.58958 358.835857 1310.070645
2459134.902169 0.9970043457458873 0.0005811681207306 1.025619 8711.116211 27.956555 5353874.83668 358.974734 1310.170157
2459134.902576 0.9974645583771424 0.0005820585085848 1.02551 8616.80957 28.014827 5306641.214827 359.031265 1309.674341
2459134.902986 0.9974188555293466 0.0005820799121862 1.025405 8441.217773 28.197125 5204091.802478 359.385538 1310.194706
2459134.90339 0.9966221178570486 0.0005816894589585 1.025307 8439.741211 28.236307 5175994.981815 359.487178 1309.929745
2459134.90379 0.9967839762674696 0.0005815450262072 1.025215 8548.077148 28.042194 5284165.431117 358.560415 1310.618778
2459134.904193 0.9973725275138282 0.0005815278124375 1.025129 8360.759766 28.306359 5137861.526437 358.541137 1310.320644
2459134.904593 0.9980418904784588 0.0005814299995419 1.025047 8399.475586 28.090058 5273878.721438 359.019369 1310.171232
2459134.904992 0.996881696671604 0.0005807902945029 1.024972 8354.522461 28.102057 5257620.288827 359.024941 1310.044991
2459134.905392 0.9969746832954492 0.0005809666415849 1.024901 8317.601562 28.37172 5102501.476102 359.371048 1310.13428
2459134.905792 0.9963168524885064 0.0005809783565707 1.024836 8422.352539 28.072287 5267923.666173 358.779734 1310.657415
2459134.906207 0.9974986047197608 0.0005823920313717 1.024774 8413.553711 28.050606 5275614.796092 359.328559 1310.11054
2459134.906609 0.9962080492927844 0.0005814244339978 1.024719 8445.230469 28.075941 5250463.078762 358.655711 1310.367341
2459134.907019 0.996706440033584 0.0005819481602072 1.024668 8516.248047 27.96733 5314936.165224 358.469768 1310.826531
2459134.907423 0.9966597951463596 0.000581890345874 1.024624 8551.766602 27.992468 5305443.540001 359.157105 1310.739222
2459134.907823 0.996780553710018 0.0005818357171347 1.024585 8659.044922 27.858509 5387515.612437 358.872618 1311.235621
2459134.908223 0.9952257131304016 0.0005807168256583 1.024552 8646.825195 27.868028 5385993.017878 358.681725 1309.945627
2459134.909021 0.9963635436844512 0.0005816213190031 1.0245 8583.895508 27.878197 5377276.440411 358.966049 1310.929573
2459134.909425 0.9962990870913204 0.0005819475698195 1.024483 8690.216797 27.814484 5412545.751886 358.564978 1310.849493
2459134.909825 0.9969781538767588 0.0005826076275789 1.02447 8560.969727 27.940606 5343713.526707 358.682908 1310.892849
2459134.910224 0.9966395410842462 0.0005825872953552 1.024463 8614.169922 27.901826 5365692.547964 358.755195 1310.601882
2459134.910629 0.9975387513786989 0.0005834722676438 1.024461 8542.530273 28.049281 5272774.810378 358.886335 1311.380065
2459134.911029 0.9972047763187591 0.000583248680441 1.024464 8652.789062 27.980175 5302403.866466 358.563127 1313.662624
2459134.911481 0.9971457747213563 0.0005829910915866 1.024474 8606.007812 28.102842 5222338.781712 359.358473 1317.220563
2459134.911881 0.9977627599507134 0.0005834734381269 1.024489 8851.539062 27.980103 5306420.002357 358.736102 1313.869886
2459134.912282 0.9979329312051982 0.0005834771796444 1.024509 8803.720703 27.834176 5392073.116436 358.605071 1312.728548
2459134.912682 0.9968855282894176 0.0005832080100057 1.024534 8720.759766 27.891699 5347536.85653 358.837976 1311.52069
2459134.913083 0.9965756166126136 0.0005834382909919 1.024564 8588.977539 28.009578 5274579.766274 358.694275 1310.454556
2459134.913489 0.9970958131864384 0.0005838667146815 1.0246 8655.561523 27.912789 5333892.390594 358.723922 1311.338679
2459134.913889 0.9975671746420864 0.0005838915723451 1.024641 8717.158203 27.90557 5342757.230305 358.894977 1311.380451
2459134.914289 0.9978274532328584 0.000584314288558 1.024687 8656.470703 28.027949 5269575.040268 358.251536 1311.793099
2459134.914689 0.9979434595784968 0.000584263366316 1.024738 8489.274414 28.154673 5191915.680972 358.538482 1311.306838
2459134.91509 0.9968441861794428 0.000583376898893 1.024795 8499.279297 28.175546 5185525.827763 358.831157 1310.610131
2459134.915491 0.9976067390117463 0.0005836129294876 1.024857 8416.969727 28.180732 5181749.910231 358.839602 1311.397185
2459134.915893 0.9979300956536538 0.0005845479811991 1.024924 8330.008789 28.341197 5086633.270236 358.462236 1311.059844
2459134.916293 0.995620702501936 0.0005828702739836 1.024996 8380.292969 28.000083 5277944.585069 358.621712 1310.993585
2459134.916693 0.9971076596431256 0.0005846028219079 1.025074 8461.013672 28.076313 5243518.005258 358.276372 1311.932479
2459134.917092 0.9965983537654564 0.00058435622061 1.025157 8431.018555 27.953188 5301043.509421 358.720912 1311.82507
2459134.917492 0.9972748204020117 0.0005847304203453 1.025245 8692.676758 27.890769 5349047.885502 359.188473 1312.199693
2459134.917893 0.9974827023909946 0.0005848848581822 1.025338 8695.235352 27.870261 5349237.430208 358.442281 1311.802267
2459134.918294 0.9965140761825034 0.0005846874826009 1.025437 8753.262695 27.902811 5334418.209954 358.920067 1311.181842
2459134.918706 0.9972484119967382 0.0005853437877092 1.025544 8680.258789 27.993399 5273545.133499 358.716744 1312.249826
2459134.91911 0.9972640167490986 0.0005853162125144 1.025655 8809.893555 27.815894 5379558.317684 358.860354 1312.179959
2459134.919516 0.996848597513828 0.0005850266313839 1.025771 8719.894531 27.873437 5350418.362524 358.767933 1312.387637
2459134.919916 0.9961261158744 0.0005844781171006 1.025891 8863.224609 27.937904 5305742.614876 358.717968 1312.480468
2459134.920317 0.9967317854822147 0.0005848922710237 1.026017 8603.4375 27.966426 5294063.195964 358.539395 1312.606638
2459134.920717 0.997902801379714 0.0005855715339812 1.026147 8581.755859 27.941671 5314839.071334 358.748426 1312.830968
2459134.921118 0.9961611419894786 0.0005845013051174 1.026283 8570.363281 27.973609 5282759.331814 358.602568 1312.593495
2459134.921518 0.9969678669091038 0.000584214350582 1.026425 8531.222656 28.004825 5271083.298703 358.653752 1311.880679
2459134.921918 0.9963281449556884 0.0005838304185081 1.026571 8581.021484 28.109628 5206914.156884 358.759128 1312.503497
2459134.922319 0.9969312825913468 0.000584096768778 1.026723 8545.396484 27.988558 5281744.766495 359.145159 1312.595511
2459134.92272 0.9964720218615628 0.0005834296679091 1.026881 8683.533203 27.82145 5387025.928281 358.85411 1313.026854
2459134.92312 0.9975424380673696 0.0005835444995284 1.027043 8577.800781 27.937431 5324610.368645 358.467276 1313.307338
2459134.923522 0.9957764511627796 0.0005823071090118 1.027211 8617.748047 27.884097 5349895.733402 359.011246 1313.115666
2459134.923921 0.996028986335233 0.000581836883347 1.027384 8770.438477 27.927992 5330734.392623 359.146707 1313.349371
2459134.924326 0.996232833891359 0.0005819852613477 1.027564 8697.407227 27.902642 5340983.179741 358.614929 1313.06275
2459134.924736 0.9961781771667524 0.0005833177468625 1.027753 8704.441406 27.869073 5361551.919447 358.825576 1313.14981
2459134.925141 0.9964012587067934 0.0005839883382734 1.027944 8604.208008 27.989212 5293618.338557 359.267652 1313.165302
2459134.925546 0.9959948580947854 0.0005833504983973 1.028141 8809.949219 27.829729 5393316.011943 358.861143 1313.230553
2459134.925956 0.9955848282512224 0.0005826525692276 1.028346 8841.707031 27.77934 5425287.293323 358.976573 1313.157894
2459134.926362 0.9954254336362304 0.0005813494905534 1.028555 8857.286133 27.866282 5384374.642503 359.007352 1313.052859
2459134.926771 0.9961426112120556 0.000581468344883 1.02877 8807.176758 27.950391 5323263.879699 358.821506 1313.527619
2459134.927179 0.9968512208170712 0.000581972231262 1.028991 9003.827148 27.846282 5388965.713463 358.827474 1313.400996
2459134.927582 0.9956030057102616 0.0005812855072034 1.029214 8968.583008 27.943786 5331742.568274 359.435112 1312.838203
2459134.927983 0.9961491381688996 0.0005815353620082 1.029442 8935.451172 27.940422 5335040.683717 358.714589 1314.555468
2459134.928389 0.9958356761568788 0.0005821627182576 1.029678 8940.717773 27.794627 5413607.980776 358.870322 1313.579695
2459134.928793 0.9962690846148166 0.0005827931580449 1.029918 8894.303711 27.832512 5405835.132607 359.111305 1312.98446
2459134.929196 0.9967771826067 0.0005834010903214 1.030163 8941.609375 27.780171 5444245.699506 359.167908 1313.884733
2459134.929602 0.9966808235931832 0.0005835830225903 1.030416 8963.602539 27.758722 5446336.010357 358.819938 1314.256208
2459134.930008 0.9961321008477038 0.0005831749743148 1.030674 8906.049805 27.810831 5411406.807419 358.740028 1313.78713
2459134.930413 0.9967044187437032 0.0005838101393186 1.030937 8798.445312 27.911483 5358237.800606 359.180629 1313.925105
2459134.930813 0.9954428830192796 0.0005831930745801 1.031202 8720.832031 27.77891 5426686.39127 359.136795 1314.500608
2459134.931213 0.99522983932313 0.0005834206612891 1.031473 8778.858398 27.788992 5428856.814087 359.29941 1314.161211
2459134.931612 0.994504462959904 0.000583856105169 1.031748 8626.448242 28.062705 5262192.117903 358.809003 1313.98853
2459134.932014 0.9968460676855936 0.0005850948621182 1.032031 8719.540039 27.728222 5469014.317955 358.529411 1314.486341
2459134.932414 0.9948374290900414 0.0005842595248879 1.032318 8702.782227 27.757903 5442802.259759 359.204119 1314.126261
2459134.932813 0.9955503342576418 0.0005846522483123 1.03261 8575.599609 28.124148 5221290.018144 359.801566 1313.964138
2459134.933212 0.9973165818631754 0.0005855053174228 1.032906 8536.433594 27.926205 5342630.670572 359.094481 1313.927473
2459134.933612 0.9952110281206792 0.0005844687067844 1.03321 8495.605469 27.988146 5297639.298898 359.425721 1314.224562
2459134.934014 0.9946444833784668 0.0005843916368419 1.033519 8428.484375 28.033686 5268358.319774 359.560713 1314.993548
2459134.934814 0.9968889478453784 0.0005872918919691 1.034154 8555.928711 27.954759 5326147.201022 359.300824 1315.169552
2459134.935217 0.996822292445606 0.0005874163135634 1.034481 8559.889648 27.919828 5353215.215133 358.929331 1314.752349
2459134.935616 0.9959427281969216 0.0005871938056374 1.03481 8499.958008 28.065042 5253035.076931 359.403468 1314.057337
2459134.936016 0.99635464769354 0.0005868167403118 1.035147 8694.355469 27.858086 5396843.789254 358.93245 1314.949099
2459134.936416 0.996407028430305 0.0005872034992314 1.035488 8475.350586 28.135853 5218398.610907 359.204576 1315.479928
2459134.936815 0.995455161261904 0.0005868817730124 1.035835 8565.545898 27.926696 5344336.995847 360.260119 1314.7661
2459134.937215 0.996279835527243 0.0005877985707913 1.036187 8466.644531 28.079733 5268067.083154 359.792231 1315.00644
2459134.937617 0.9950685932168984 0.000586693775275 1.036547 8528.067383 27.965954 5334330.419015 360.427073 1314.450387
2459134.938022 0.9952418084121688 0.0005873394224261 1.036915 8606.007812 27.936871 5347154.042381 359.408088 1315.291676
2459134.938822 0.9957368529191484 0.0005871145088118 1.03766 8612.698242 27.958722 5349962.594367 359.298548 1315.428892
2459134.939222 0.995735834556088 0.0005812553530687 1.03804 8672.268555 27.943357 5357238.778996 358.954086 1315.312925
2459134.939622 0.9952141316625028 0.0005797289649471 1.038426 8607.499023 27.901554 5375847.828539 359.4332 1315.65986
2459134.940024 0.9957269252728592 0.0005802891407578 1.038819 8646.914062 27.928439 5356185.164598 359.578806 1315.021964
2459134.940425 0.9951730931319158 0.0005802060299795 1.039218 8831.28125 27.857181 5412954.600895 360.035638 1315.149297
2459134.941227 0.9951099503343288 0.0005803061287458 1.040031 8789.720703 27.835889 5416897.486346 360.215711 1315.747856
2459134.941635 0.99512402861406 0.0005804992205717 1.040453 8694.404297 27.849242 5409776.569871 359.552426 1315.7008
2459134.942043 0.99626864811225 0.0005812079050481 1.040882 8896.546875 27.752701 5479847.040409 360.321717 1315.938567
2459134.942443 0.9954033851112086 0.0005805878433684 1.041307 8827.561523 27.868138 5406921.489135 359.578508 1314.936365
2459134.942843 0.9962961902236 0.0005809814875691 1.041738 8853.62793 27.820937 5441963.618222 360.292413 1315.939855
2459134.943243 0.9952578612442756 0.0005800833468485 1.042175 8927.595703 27.804958 5456082.887469 359.842783 1315.888655
2459134.943643 0.99536787103943 0.0005805366093438 1.042618 8782.373047 27.847596 5425998.212818 360.223334 1316.424236
2459134.944043 0.9958988506845148 0.0005814799003034 1.043066 8791.088867 27.806974 5457716.207171 359.926829 1316.191687
2459134.944444 0.9941450421157731 0.0005811197799694 1.043521 8825.161133 27.872243 5395423.232657 360.380308 1316.862129
2459134.944851 0.9957739457752588 0.0005822505907887 1.043989 8670.651367 27.920233 5368713.494178 359.453315 1315.749199
2459134.94526 0.9962271430641854 0.0005824966486527 1.044465 8695.814453 27.873043 5407324.06813 360.486446 1316.432832
2459134.945664 0.9951730322445244 0.0005818191270573 1.044941 8741.030273 27.82883 5432626.374877 360.035199 1315.440451
2459134.946065 0.9962119550903072 0.0005823706762104 1.045419 8762.109375 27.834268 5429214.20977 360.06751 1316.293135
2459134.946864 0.995008282111796 0.0005846562303022 1.046391 8601.441406 27.858898 5404957.382637 359.427293 1316.489211
2459134.947264 0.9957473619971468 0.0005843532733204 1.046885 8719.976562 27.843695 5432618.454515 359.896694 1315.683153
2459134.947666 0.9952929049395164 0.0005848612499243 1.047388 8789.172852 27.793098 5444413.733691 360.34207 1315.373095
2459134.948067 0.9955777970438692 0.0005851586660788 1.047894 8780.400391 27.84755 5409510.892649 359.926597 1315.388443
2459134.948465 0.995357114552806 0.0005851365052755 1.048405 8818.999023 27.865889 5395412.82225 360.238624 1315.50831
2459134.948864 0.9947986785532608 0.0005852449359672 1.048921 8693.820312 27.905768 5367625.382429 360.319251 1316.151175
2459134.949263 0.9947274960473028 0.0005850894015357 1.049444 8894.023438 27.762286 5464343.976101 359.934592 1315.882451
2459134.949665 0.9935835064334644 0.0005853121974642 1.049976 8809.169922 27.663707 5506544.519345 360.151402 1317.229134
2459134.950064 0.9944122661570092 0.0005862827328517 1.05051 8932.019531 27.639313 5525310.08983 360.255472 1316.902401
2459134.950463 0.9961179299505326 0.0005880331405018 1.05105 8916.993164 27.692506 5487046.672988 359.59036 1316.134625
2459134.950863 0.9965122487031924 0.0005893636303703 1.051596 8882.55957 27.708523 5473082.999148 359.928168 1315.730046
2459134.951263 0.994482024241036 0.0005881951357487 1.052149 8859.426758 27.677441 5495607.695136 360.5492 1316.334369
2459134.951666 0.9953769158185438 0.0005883405711722 1.052712 8919.898438 27.709067 5491377.621664 360.234501 1316.360301
2459134.952066 0.9940906542390144 0.0005869983219137 1.053278 8725.133789 27.744463 5458408.115991 360.335722 1316.324176
2459134.952468 0.9941626698731518 0.0005868342259261 1.053852 8851.777344 27.732101 5466259.000097 360.583611 1316.135256
2459134.95287 0.9958730168503996 0.000588150237781 1.054431 8689.94043 27.864932 5394808.786653 359.928204 1316.553492
2459134.95327 0.993859764534203 0.0005871450072758 1.055015 8903.207031 27.76146 5457040.228213 360.318061 1316.49714
2459134.953671 0.9946364505306468 0.0005881503582833 1.055606 8876.938477 27.806446 5433331.294078 360.360334 1316.592451
2459134.954071 0.9948534206059724 0.0005886582984217 1.056201 8833.991211 27.781534 5447077.582021 360.33554 1316.264711
2459134.954482 0.9948727849403592 0.0005887565353718 1.056818 8974.994141 27.722626 5487820.884417 360.824355 1316.451329
2459134.954884 0.9948494856511072 0.0005886056245195 1.057429 9021.066406 27.730701 5493350.267503 361.095442 1316.302386
2459134.955289 0.9945627579205388 0.0005886077491669 1.05805 8945.236328 27.700592 5500084.86786 360.267221 1316.467273
2459134.955688 0.9960497463629931 0.0005901263628578 1.058668 8943.063477 27.75748 5467489.867483 360.431692 1316.975974
2459134.956088 0.9943289614859652 0.0005887911331145 1.059293 8954.179688 27.833427 5424423.34322 360.610727 1317.227638
2459134.956489 0.9941647601973284 0.0005885021228108 1.059927 9005.641602 27.688804 5519348.302036 360.127311 1316.906147
2459134.956889 0.9942339222709746 0.0005884789270628 1.060564 9073.150391 27.721957 5497981.118177 360.611391 1316.934394
2459134.957292 0.994645562200134 0.000588672122035 1.061214 9104.204102 27.686121 5528875.456722 360.560374 1316.584142
2459134.957699 0.9955322112542274 0.0005895966818204 1.061875 8998.238281 27.796159 5460112.299999 360.347452 1316.372207
2459134.958104 0.9938835243379508 0.0005890414102974 1.062539 8885.446289 27.879938 5406839.264007 360.703828 1317.084113
2459134.958503 0.9955079056078794 0.000590009254906 1.063202 9192.708008 27.701741 5526741.799165 360.568872 1315.798897
2459134.958905 0.9957376457415898 0.0005901593086259 1.063874 9080.361328 27.774904 5476470.330544 360.451929 1317.000889
2459134.959306 0.9925986413004164 0.0005882448271897 1.064552 8922.744141 27.768984 5464992.404675 361.577623 1317.820141
2459134.959706 0.9938541401686188 0.0005887902680379 1.065233 9025.612305 27.69058 5522322.833671 360.395357 1317.001705
2459134.960107 0.9949114445748372 0.0005899507933099 1.065922 8856.365234 27.902538 5398764.448706 360.275012 1317.614281
2459134.960508 0.9955964886154596 0.0005910376216936 1.066619 8750.695312 28.025071 5327769.085388 360.759358 1316.951804
2459134.960913 0.9952748659778536 0.0005913033224605 1.067328 8829.688477 27.98804 5340305.594875 360.559017 1317.19095
2459134.961321 0.995349441026352 0.0005905343063252 1.068048 8946.138672 27.802223 5465153.295829 360.569121 1316.497321
2459134.961729 0.9950265020204954 0.0005898723996291 1.068777 8928.463867 27.795697 5471453.611042 360.896502 1316.981395
2459134.962137 0.9954541724849704 0.0005903334084898 1.06951 9082.707031 27.755793 5490872.140073 360.571903 1316.333373
2459134.962539 0.9938547053065192 0.0005891024315966 1.070241 9103.170898 27.862237 5421622.7064 360.946025 1317.061188
2459134.962942 0.9942681315516826 0.0005888247383667 1.07098 9037.326172 27.779308 5483721.982419 360.998905 1317.128167
2459134.963344 0.9943560932505996 0.0005895861084279 1.071722 8925.830078 27.887907 5410373.008426 360.617166 1316.759196
2459134.963744 0.9944511980696106 0.000590212871334 1.072469 8949.614258 27.767103 5477848.082829 360.288614 1316.815435
2459134.964144 0.9932806113853424 0.0005904566011158 1.073221 9050.298828 27.814902 5441510.275204 361.235071 1317.411804
2459134.964546 0.9943907729078456 0.0005915570168466 1.073983 9190.962891 27.744141 5502526.349646 361.286106 1317.591517
2459134.964947 0.9947540103623346 0.0005926039687437 1.074751 9117.216797 27.740994 5501574.974801 360.955616 1316.913465
2459134.965352 0.9944647613792212 0.0005927238625447 1.075532 9117.09668 27.693895 5530727.444836 361.288076 1317.945139
2459134.966167 0.9938370269525758 0.0005919652160619 1.077125 8875.789062 27.938833 5370825.02255 360.811128 1317.080967
2459134.966575 0.9936121385148772 0.0005912645619605 1.077933 9013.433594 27.737459 5490904.286107 361.010286 1317.28518
2459134.966989 0.993992799196564 0.0005904691118998 1.078761 9146.385742 27.735935 5503730.986547 361.064512 1316.869241
2459134.967389 0.9938129970146268 0.0005911159752627 1.079565 9041.553711 27.809155 5449248.069119 360.255925 1317.356236
2459134.967788 0.9945546864821188 0.0005921967994286 1.080377 9250.824219 27.726656 5502475.031582 360.391323 1316.904919
2459134.968189 0.9946417828940228 0.000594085095395 1.081197 9142.676758 27.788545 5452950.773239 361.111726 1317.616405
2459134.968589 0.9943140809505348 0.000594773018395 1.082022 9145.750977 27.833913 5433455.60953 360.300641 1317.044525
2459134.968989 0.9937567619344728 0.0005951920694883 1.082854 9206.257812 27.762433 5470912.282605 360.776757 1316.772047
2459134.969797 0.9936807899062478 0.0005959102133299 1.084556 9197.958008 27.799207 5458157.772913 361.606877 1317.675264
2459134.970198 0.9932697712857512 0.0005952647867747 1.085412 9046.570312 27.826225 5439374.919594 361.283069 1317.087474
2459134.970603 0.9944878419884056 0.0005951320357493 1.086282 9217.293945 27.703152 5513683.686545 360.817816 1317.29705
2459134.971003 0.993914815311716 0.0005938965090599 1.087149 9284.900391 27.681011 5532798.36548 361.480568 1317.298137
2459134.971403 0.9928429493856956 0.0005931057632193 1.088023 9035.211914 27.797141 5451455.97597 361.282256 1317.43096
2459134.971803 0.9940932308047532 0.0005939216235886 1.088902 9127.895508 27.793264 5462932.235281 361.200057 1317.025318
2459134.972204 0.9944467601505896 0.0005941318318562 1.089792 9161.042969 27.828477 5452015.220111 361.396927 1317.756534
2459134.972606 0.9937187116026932 0.0005940224452934 1.09069 9249.814453 27.693728 5526295.028006 361.612545 1318.199936
2459134.973006 0.9942715541091344 0.0005947019068218 1.091591 9127.300781 27.714188 5524962.912504 360.988398 1316.699853
2459134.973414 0.9955218213783052 0.0005966168295431 1.092519 9169.842773 27.794296 5471955.240052 361.413363 1317.983392
2459134.973821 0.99433564280521 0.0005968367192524 1.09345 8895.607422 28.007108 5348968.878844 361.229478 1318.11224
2459134.974229 0.9939693759886068 0.0005970758851433 1.09439 9141.977539 27.82277 5467293.402205 361.806077 1318.047918
2459134.974629 0.9927900802634464 0.0005970532681665 1.095321 9054.132812 27.939605 5374114.248357 361.543104 1317.889292
2459134.975031 0.99335056628143 0.0005973422892977 1.096262 9111.71875 27.890323 5406000.09534 361.544262 1317.060393
2459134.97543 0.9927037560923302 0.0005966373232341 1.097203 9035.113281 27.90689 5399296.226952 361.58868 1317.651276
2459134.97583 0.9938331657486354 0.0005970589247899 1.098155 8984.936523 27.97667 5363856.599548 361.74519 1317.676803
2459134.976231 0.9933996393749748 0.0005967873664496 1.099115 9108.486328 27.884402 5421986.724954 361.301192 1317.445143
2459134.976631 0.994977405343806 0.0005982933630527 1.10008 9142.225586 27.935102 5394136.387108 361.397889 1316.856268
2459134.977031 0.9928525918903278 0.0005975144826767 1.101055 9036.448242 27.954544 5382703.369532 361.36848 1317.777496
2459134.977438 0.9931232354875243 0.000598579110155 1.102051 9115.80957 27.936808 5384646.169598 361.915189 1318.551244
2459134.977848 0.992900189107808 0.0005990596902345 1.103064 9205.935547 27.945399 5383172.370447 361.734225 1317.411771
2459134.978252 0.9926225070139224 0.000599663615491 1.104068 9284.231445 27.809559 5460474.13203 361.695196 1318.345311
2459134.978658 0.993753952967564 0.000600250431249 1.105085 9545.820312 27.674993 5550928.295316 361.854083 1317.795604
2459134.979058 0.9937426639306572 0.0006004358241681 1.106096 9339.494141 27.734932 5500501.462895 361.656004 1318.853492
2459134.979458 0.9936090559834916 0.000599946371797 1.107113 9315.90918 27.794087 5474690.685252 361.49047 1318.049395
2459134.979857 0.9935484181446412 0.0005993196556546 1.108136 9140.804688 27.866651 5432521.367585 361.475804 1317.925687
2459134.980257 0.9926435607590284 0.0005985685915125 1.109169 9421.950195 27.643872 5566356.795237 362.111611 1318.323055
2459134.980659 0.9928154115621902 0.0005987167400499 1.110212 9266.716797 27.707711 5542863.707559 361.923376 1318.678812
2459134.981059 0.9928356926377236 0.0005989403691188 1.111259 9362.017578 27.706779 5537289.896501 362.021759 1317.647896
2459134.98146 0.9930651995126952 0.0005994354575728 1.112318 9272.794922 27.858555 5448577.181258 361.71093 1316.786518
2459134.981865 0.9936464236904324 0.0005998291986631 1.113392 9223.933594 27.791468 5497895.529378 361.450215 1317.407569
2459134.982273 0.9928297496852956 0.0005995813886721 1.114485 9317.666016 27.67079 5578236.474036 361.782881 1318.425779
2459134.98268 0.9921240373767848 0.0005997618586226 1.115581 9510.378906 27.652552 5581589.868433 361.954718 1317.792083
2459134.983091 0.9939258633717636 0.0006004968738094 1.116698 9343.19043 27.644399 5593374.527414 361.407759 1317.056731
2459134.983496 0.9942357321701232 0.0006011842852008 1.117804 9204.160156 27.855639 5448650.861595 361.427009 1317.664161
2459134.9839 0.99305425007307 0.0006004875573894 1.118917 9251.539062 27.761541 5511845.490874 361.660023 1318.265171
2459134.984301 0.9929277226434688 0.0006013550951658 1.12003 9349.143555 27.791544 5493467.681765 362.061038 1317.818965
2459134.984702 0.9935359816805558 0.0006023829121327 1.12115 9243.756836 27.753091 5517581.979871 361.932552 1318.253003
2459134.985102 0.9929041609381354 0.000602750507341 1.122272 9146.573242 27.867369 5434761.123272 361.61717 1318.261227
2459134.985509 0.994414414367086 0.0006042120119816 1.123427 9203.529297 27.785652 5484415.403567 361.336038 1318.155595
2459134.98591 0.9931554290525496 0.0006032369946846 1.12457 9389.827148 27.622747 5586841.851879 361.916118 1317.894501
2459134.98631 0.9927738246162964 0.0006034042182504 1.125718 9367.736328 27.601844 5592103.638793 362.347994 1319.063346
2459134.986709 0.9935484567352412 0.0006045617938568 1.126873 9274.582031 27.699346 5537497.341951 362.107945 1317.79886
2459134.987117 0.9927829581537904 0.0006045363949682 1.128061 9375.65625 27.698797 5529913.551764 361.301757 1316.951636
